0    0.000000000000000    0.000000000000000    0.000000000000000    0.000000000000000    288.199999999999989
1    1.341101482077137    611.507674371163375    0.000000000000000    318982.728764164028689    288.199999999999989
2    0.903915195282934    371.195703551502049    44.335165011287927    187833.707145063614007    288.199999999999989
3    0.613820398838237    251.389760987462978    44.291762917591541    124420.331393135013059    288.219248737824444
4    0.451830090638207    225.009882503167063    35.047133850081764    104626.642666079715127    288.239943664710609
5    0.394520837733757    180.450824006908476    34.038996554063715    89812.323962108115666    288.239619298674711
6    0.331258457406667    160.256581802756727    27.560004795479927    78534.488373750224127    288.201892071805275
7    0.281726585432270    142.942534620199439    25.420339689319690    73527.887247251317604    288.118210034106824
8    0.256489019165046    123.470222898861707    23.574795041312427    67477.754821703972993    287.986448561872976
9    0.228616176831579    115.994185437270104    21.209917323337550    63360.535092671299935    287.808850855497724
10    0.205131606498288    103.724676965539032    19.651869730494809    59746.233285317517584    287.590227536471104
11    0.191068362095889    96.629678574431509    18.253618467949764    56258.450301179429516    287.336640317131923
12    0.176258789123450    89.260312384041683    17.274388766574020    53973.767092159294407    287.054534271568116
13    0.168693850628523    82.459246054979033    16.076470898855177    50950.763807612063829    286.750210286274410
14    0.162668684082300    77.742154675246013    15.050750947330243    49466.908839967421954    286.429531812129596
15    0.156254767582554    71.862444130275605    14.591710182901352    46798.373730011575390    286.097782959188123
16    0.153397991498736    68.704724706165010    13.640930833450057    45830.928180442919256    285.759619185640588
17    0.152876632559959    63.840821576686999    13.073358544310395    43440.579947855090722    285.419071391143689
18    0.149663686939728    61.598309270198605    12.650503618302992    42823.014750183137949    285.079578559726258
19    0.145885811759411    70.794878481879778    11.873763192452543    42215.432644779910333    284.744033954850579
20    0.144271784039689    79.006279870403887    13.432782635507465    46693.489133785595186    284.414836292279233
21    0.140564267654824    84.544679441091716    14.875235405066633    49391.305677108583041    284.093941276010128
22    0.138301845243900    87.326972517791091    15.804815214712107    50258.781514814938419    283.782911175216896
23    0.136777395718495    87.568558713905475    16.197667591944992    49426.260158389748540    283.482961411873305
24    0.137207482732950    85.708795310184655    16.079697922953528    47169.044168748194352    283.195003774292729
25    0.135755656451739    82.305809517348507    16.274759641605669    43840.307196128385840    282.919686086267802
26    0.133214390770101    77.957141345887521    16.436374979504762    39875.000512134982273    282.657428442734442
27    0.130322744063110    73.195130000568099    16.467346354056644    39204.274534570635296    282.408456114018009
28    0.127643720831783    68.477855098476823    16.476692412695229    37701.318409320781939    282.172829259586479
29    0.126015590946439    65.697953598797767    16.477891751566858    35560.171237700502388    281.950469611095173
30    0.124428774255266    62.938151419750284    16.298708900692873    33962.657241523862467    281.741184295732353
31    0.124238337662056    59.853838914883454    15.969679171575081    33741.951428992353613    281.544686979139783
32    0.124976475238643    56.720426557483052    15.825149699081521    33248.214628940673720    281.360616512883780
33    0.126502626786652    56.153458227593887    15.444115769873861    32820.462197283879505    281.188553274467949
34    0.128622216510774    56.977557830208525    15.031663556978856    32332.509131768332736    281.028033388045969
35    0.132173988027359    57.811463943080980    14.712285598062408    32239.919975141783652    280.878561011495492
36    0.136149052815315    58.593496259277288    14.131706585952088    31885.804334084750735    280.739618870731192
37    0.139547636538255    59.267145735834617    13.799486388366859    31291.190347824653145    280.610677215234659
38    0.142445663851218    59.783887289119548    13.291352221234774    30898.887345962371910    280.491201360289381
39    0.144839961886053    60.104813734094932    12.800523290616184    30784.803890502305876    280.380657971728169
40    0.146411976813278    60.323282144529969    12.470592328513703    30526.975582303261035    280.278520238488966
41    0.147150088803615    60.359157972482478    12.125586071328144    30064.252529742050683    280.184272067276424
42    0.147064405098103    60.112343116446596    11.951062530255513    29860.001443044369807    280.097411422428422
43    0.146183486687379    59.585521745463041    11.604546702150401    29552.736890709609725    280.017452922916902
44    0.144550976240719    58.788955007735126    11.326095781868389    29210.487889010459185    279.943929797472094
45    0.142222297812625    57.738947770153061    11.026122963966372    28854.341710931032139    279.876395288296351
46    0.139261549153812    56.456394859086970    10.643999643802090    28779.874070499667141    279.814423583799964
47    0.135738666286156    54.965451484503774    10.386184848188350    28533.064745713571028    279.757610351372591
48    0.131726907095766    53.292353328069282    9.969354685448707    28124.843917846010299    279.705572932479527
49    0.127300675268664    51.464397427183371    9.719571814295705    27742.212753249186790    279.657950254383536
50    0.124359170352821    50.934994939640092    9.407806737754981    27676.654271104118379    279.614402505585417
51    0.123410563570403    50.436473615130581    9.273603719905623    27469.210650903798523    279.574610615678523
52    0.121991140988868    49.767173290093069    9.026764224546241    27119.588262197983568    279.538275574716920
53    0.120134136432834    48.937545393277787    8.821011684484802    26831.798759699217044    279.505117622402111
54    0.117876634019650    47.960046213849182    8.602658499486097    26574.919616998980928    279.474875333367436
55    0.115258382522246    46.848593201906851    8.346270380015994    26378.212669149084832    279.447304621528417
56    0.112320728289820    45.618075099760290    8.152528409015758    26070.590297662463854    279.422177683806979
57    0.109105674097270    44.499229274136042    7.865675637981440    25856.857592263113474    279.399281901424160
58    0.108124700145862    44.181906337966439    7.692027756036623    25628.458953434368595    279.378418715284738
59    0.107214301064684    43.738829194475557    7.439033866164209    25285.819154446915491    279.359402490592629
60    0.105978116981461    43.176019991891962    7.309036578914856    24999.527350857082638    279.342059384599395
61    0.104438312219901    42.500805746926972    7.103454656831673    24848.293516170670046    279.326226230159421
62    0.102619020374570    41.721529873400641    6.988784598593156    24642.941812262244639    279.311749446482111
63    0.100545759326806    40.847286067732284    6.801109225061737    24335.980021852199570    279.298483987143527
64    0.098244900721181    39.887677013744224    6.656873165105935    23944.331209433206823    279.286292333974416
65    0.096394905919916    39.295439702756539    6.484555811670361    23830.592573379297392    279.275043544214668
66    0.095779046324543    38.988558980937341    6.321371200905560    23644.690616181294899    279.264612357794874
67    0.094909400185156    38.587846281605835    6.161731599360792    23368.326035351186874    279.254878373044221
68    0.093800432370816    38.098074630395786    5.988506331474127    23369.750858403589518    279.245725294227441
69    0.092468052345293    37.524733355514400    5.854555427752075    23691.506204278084624    279.237040290491848
70    0.090929266663352    36.873870763644391    5.742799841329543    23950.853916067811952    279.228713414318179
71    0.089201857702838    36.151948972957143    5.624065466049160    24214.472310663717508    279.220636982448525
72    0.088743568891096    35.370430266235417    5.496054136512157    24387.828148965316359    279.212705310164210
73    0.089041811163238    35.142973836272631    5.385581898396595    24471.832718256635417    279.204814451144841
74    0.089031211887671    34.841026838510970    5.247663008529798    24468.283086442155764    279.196862077072240
75    0.088720352997748    34.467720956519315    5.143627728115916    24386.268842836885597    279.188747488732645
76    0.088354880563556    34.026724972154170    5.001149458083091    24315.608674192364560    279.180371759452839
77    0.087875007030514    33.522145626458041    4.901818991993878    24163.411021568652359    279.171638003333840
78    0.087118732557186    32.958434455726547    4.822134020309477    23933.826091482900665    279.162451757168412
79    0.086101373102235    32.340301283240024    4.786847032359674    23631.436568709628773    279.152721457625148
80    0.084839421465073    31.971939850988292    4.737361729742133    23261.145667502554716    279.142358971086878
81    0.083497123424737    31.734719158127064    4.675362642790788    22908.633507881822879    279.131280164376903
82    0.082158579934097    31.437847675107150    4.636918578648419    22504.752992300520418    279.119405500614334
83    0.080618030140242    31.084115334977014    4.593508970559924    22045.793669246646459    279.106660622324853
84    0.078892545416552    30.676635974809415    4.550528481764104    21536.778128490637755    279.092976893144510
85    0.076998683323353    30.218785073050640    4.496014562485016    20982.546464511251543    279.078291873051114
86    0.075033448329040    29.714141445951554    4.451503222598149    20447.835891962880851    279.062549717757463
87    0.073179984932062    29.275813332357757    4.403171142821520    19896.083195021943538    279.045701486562109
88    0.072079963267187    29.077623091276109    4.357490456557116    19422.931714431877481    279.027705354609168
89    0.071514067377187    28.828925159711162    4.311748084357987    18919.451779886541772    279.008526727198102
90    0.070821079591172    28.531954192135800    4.256308039051873    18362.951167425664607    278.988138257345270
91    0.070007808258976    28.189184947177182    4.213993813290472    17752.135190766639425    278.966519773247171
92    0.069081486738234    27.803289290080556    4.164907950697852    17119.507812300551450    278.943658125722948
93    0.068049681596706    27.377095685589211    4.127774021866571    16607.712426062891609    278.919546964191795
94    0.066932312288165    26.954871626031490    4.081793927902709    16478.231729007762624    278.894186453583075
95    0.066542341778821    26.779049503019451    4.027452306489977    16400.821956434578169    278.867582942698618
96    0.066039051844731    26.560059191631353    3.991152791751119    16284.514006671597599    278.839748595581113
97    0.065427558355983    26.299763018974772    3.948483445645707    16199.860031212912872    278.810700997392189
98    0.064718997271804    26.006123398935870    3.910059690150320    16095.849786850230885    278.780462740079884
99    0.063923488762841    25.676480256873674    3.865099808280320    16004.558328259212431    278.749060997902518
100    0.063036973758329    25.311900949620394    3.829500234884108    15912.038632922471152    278.716527100152746
101    0.062097462885200    24.951654242940549    3.795810663664270    15814.664904535005917    278.682896104997667
102    0.061739657724858    24.793576370967003    3.755109613822697    15732.890294446624466    278.648206381349212
103    0.061284841230461    24.598351191727943    3.714543591828715    15629.943097001741990    278.612499201866171
104    0.060737178952280    24.367514106045292    3.687247105836832    15558.225273775766254    278.575818348945177
105    0.060101158908349    24.102741588799745    3.653477822108925    15450.172907169762766    278.538209735702878
106    0.059381539426409    23.805828525123161    3.613510359422889    15387.889930918332539    278.499721045009437
107    0.058583299038748    23.478666640811298    3.583886378836723    15275.180502195027657    278.460401386537740
108    0.057824317770192    23.188561002137249    3.558346126030301    15221.900477817776846    278.420300973101121
109    0.057468988395584    23.034433410098245    3.526969740115419    15105.088916499968036    278.379470817311585
110    0.057029887270588    22.848119528907773    3.492554964931060    15061.363514063719776    278.337962446888127
111    0.056510624409531    22.630975328447221    3.466405794174989    14944.117052518602577    278.295827639567676
112    0.055915057381983    22.384462144003010    3.444046551191150    14912.587105231519672    278.253118178534976
113    0.055247251835161    22.110129878940825    3.416316865859699    14824.505916466921917    278.209885627316794
114    0.054511443464648    21.809600967493225    3.384627836880554    14799.861565676605096    278.166181124325078
115    0.053978791324916    21.608829355093349    3.361947021408923    14784.244528257433558    278.122055196052884
116    0.053616561244298    21.454216545836516    3.342116573223848    14802.517504891759017    278.077557588299101
117    0.053181711927223    21.271644992623806    3.318538730265573    14944.649554221352446    278.032737115367411
118    0.052677432288554    21.062328639811767    3.290068589486964    15277.224954654491739    277.987641526533594
119    0.052107101200149    20.827560326452840    3.281527821155464    15953.222704779102060    277.942317389268794
120    0.055360807415422    22.144297975496933    3.294901611691444    17157.751327867648797    277.896809988546750
121    0.059713501298629    23.885371633682773    3.301504157907516    18497.237032003009517    277.851163241299389
122    0.063864199546576    25.545646524647246    3.301458242052036    19772.101896723168466    277.805419625433956
123    0.067756425048482    27.102531740759424    3.299641116070802    20964.881538390913192    277.759620122554111
124    0.071340109059888    28.535999712644177    3.316538575659251    22060.167414085743076    277.713804173677431
125    0.074572393294956    29.828907045110213    3.326733354475209    23044.852950103355397    277.668009647210397
126    0.077418092450535    30.967179525705340    3.330325635444751    23908.271236307889922    277.622272818294846
127    0.079849854770426    31.939876349287019    3.327441662598517    24642.236454836878693    277.576628358659946
128    0.081848068728320    32.739152789970667    3.335081751805092    25241.004569016829919    277.531109336119869
129    0.083400568323428    33.360142318082154    3.349008612638727    25701.170213644007163    277.485747222979057
130    0.084502188966156    33.800778953056636    3.623009805337915    26021.516558597380936    277.440571912499934
131    0.085154221778555    34.061578982161642    3.948928253045324    26202.833579430269310    277.395611742593815
132    0.085363807623800    34.145398570777616    4.193413316447277    26247.718071652223443    277.350893525882952
133    0.085143304443199    34.057180695620417    4.432575432202157    26160.366254169806780    277.306442585374953
134    0.084509653438445    33.803701616018259    4.646050173448657    25946.367217948565667    277.262282795008105
135    0.083483761981259    33.393324036105128    4.796410348205427    25612.503010174710653    277.218436624311494
136    0.082089914332496    32.835761390776938    4.913198412860766    25166.558952601269993    277.174925186414384
137    0.080355215590852    32.141855423489922    5.038702971222847    24617.145965257841453    277.131768288704905
138    0.078309069898331    31.323367466758938    5.966124507052427    23973.535243834194262    277.088984485500248
139    0.075982690822720    30.392782593505981    6.864348241659172    23245.504625140230928    277.046591132107096
140    0.073408639950409    29.363125052580731    7.687755039513831    22443.195347437096643    277.004604439655395
141    0.070620388933500    28.247783086060156    8.430514409413718    21576.977631355810445    276.963039530148762
142    0.067651900382232    27.060341284753640    9.084963809954843    20657.323520822141290    276.921910491234030
143    0.064537223890882    25.814418997179928    9.677001132642545    19694.685672969768348    276.881230430224207
144    0.061310104931551    24.523513885786734    10.210480618520251    18699.381208810831595    276.841011526939383
145    0.058003606136335    23.200850438612008    10.663045861844694    17681.480267948260007    276.801265084972840
146    0.054649742405614    21.859234011486578    11.028832845414399    16650.699487052967015    276.762001581057348
147    0.051279133127671    20.510911714828339    11.313960959911128    15616.301182330218580    276.723230712239229
148    0.048197603213043    19.167442097186530    11.568547591068182    14586.999505612711800    276.684961440607026
149    0.047434402481566    18.102644982984586    11.772870775275351    13837.675983253036975    276.647202035367059
150    0.046670159761076    17.470764635045981    11.902401841546634    13387.684348317532567    276.609960112106819
151    0.046020689697733    17.075840487419981    12.007841310310141    13097.502279614622239    276.573242669132014
152    0.045372407139896    16.799925129224164    12.088896342019780    12897.459771576453932    276.537056120795228
153    0.044756053320388    16.591333908676376    12.108658067361375    12748.276178021813394    276.501406327775612
154    0.044226180483729    16.472463942590593    12.159967188261362    12704.731110895783786    276.466298624309559
155    0.043652652329277    16.372200205450980    12.152197790852824    12694.527287827182590    276.431737842404345
156    0.043151444551631    16.267352851766105    12.169503775837256    12748.140644336559490    276.397728333098826
157    0.042699428719688    16.230033226088494    12.144323065655499    12807.291963272371504    276.364273984865690
158    0.042207763773116    16.165126864370478    12.148017583882847    12845.259354406520288    276.331378239278877
159    0.042062128870349    16.129782188630344    12.110651003899420    12862.590806413056271    276.299044104089887
160    0.042037308598195    16.094990971187855    12.111187018578221    12854.030773485221289    276.267274163879904
161    0.041992045927104    16.054674226934623    12.066996343750361    12821.397476625072159    276.236070588471819
162    0.041925570628878    16.043906074532060    12.066446357023779    12808.330675138899096    276.205435139303972
163    0.042157493305333    15.997575306410795    12.026551965961062    12844.753927441579435    276.175369173979675
164    0.042257173102572    16.008487708419040    12.017463951210175    12875.627918604830484    276.145873649212319
165    0.042256991664340    15.979904332034948    11.982740149981510    12859.801018710531935    276.116949122396647
166    0.042193778150866    15.987743210597529    11.966174080150722    12837.210244387209968    276.088595752035246
167    0.041989558231764    15.980939272637812    11.936633887382868    12772.529568285925052    276.060813297252594
168    0.041924805526492    15.981629371523297    11.912793291491198    12726.837726128491340    276.033601116627210
169    0.041973318101397    15.996659365370903    11.888998811320107    12739.389523322228342    276.006958166567017
170    0.041975448264125    15.990399434819977    11.857925172770138    12724.800596557506651    275.980882999447942
171    0.041856789631287    16.027303357871631    11.840366837172496    12687.303394979855511    275.955373761725639
172    0.041595124359048    16.028102648563959    11.801968969147310    12605.616056938113616    275.930428192220290
173    0.041296921666344    16.072925858604577    11.790604822295336    12518.619392498392699    275.906043620763228
174    0.041233726391147    16.095930167647737    11.745215392402315    12488.037853934598388    275.882216967378497
175    0.041202203801278    16.133252691746350    11.739948825769261    12511.734868521685712    275.858944742160872
176    0.041451773720753    16.177731216207945    11.698404216037943    12570.793075168068754    275.836223045993165
177    0.041624340242241    16.207578654912965    11.688569841375283    12603.906541514326818    275.814047572229356
178    0.041866341258297    16.272393308710633    11.653583818031620    12665.168356816924643    275.792413609453206
179    0.042099429792601    16.301348157475786    11.636593471891501    12714.675168290530564    275.771316045402386
180    0.042321510994975    16.378309593988888    11.608026644806614    12769.561341516120592    275.750749372130542
181    0.042607941867429    16.425129355667451    11.584113360279844    12833.620218491822015    275.730707692462488
182    0.042809120866188    16.493417622944236    11.561821992172554    12881.917982174869394    275.711184727778516
183    0.043140288618410    16.555865982922683    11.531293903322421    12958.346629833686166    275.692173827148281
184    0.043377481501367    16.615265820775733    11.515039143106151    13004.871851862291805    275.673667977816194
185    0.043685519595271    16.690822788925743    11.478069542111371    13086.137235358590260    275.655659817024741
186    0.043950179809190    16.741083763505344    11.467732884870202    13140.797297706332756    275.638141645147300
187    0.044231650868618    16.827002823617931    11.424476858576327    13214.031981617561541    275.621105440085671
188    0.044512516704239    16.870609803840836    11.419947250300538    13274.019003510766197    275.604542872875129
189    0.044765996173721    16.961208442680885    11.382533651856647    13338.904954329278553    275.588445324427539
190    0.045051434114755    17.010262737699520    11.371717441602414    13401.323393764148932    275.572803903331589
191    0.045275487216269    17.090096642052544    11.340424435017212    13457.537474022799870    275.557609464619361
192    0.045553757823049    17.141485131666144    11.323068670722478    13519.464729905506829    275.542852629400556
193    0.045746970522776    17.210228615518787    11.297738041151661    13566.685034669528250    275.528523805259340
194    0.046006478997161    17.260802367441158    11.274007794132103    13625.228662862180499    275.514613207300499
195    0.046167492000211    17.318120936263711    11.254458337826236    13663.142233605642105    275.501110879731698
196    0.046397061199971    17.364755368374517    11.224497482587140    13715.505248901492450    275.488006717860117
197    0.046524626782126    17.410322240515484    11.210482436470102    13743.822928906360175    275.475290490385589
198    0.046713865700792    17.450021656343438    11.174391312248645    13787.398734774295008    275.462951861866827
199    0.046806954390598    17.483555432613628    11.165503387699573    13805.885115938348463    275.450980415241986
200    0.046946807157089    17.513637052512593    11.125288335439564    13838.407414510758827    275.439365674284147
201    0.047004788902246    17.534971117827297    11.118780535939095    13846.933368693484226    275.428097125876263
202    0.047088321133580    17.553355029608156    11.082417193195397    13866.698780234321021    275.417164241994840
203    0.047111231492415    17.562544467809687    11.068708786818206    13865.320123147394042    275.406556501294347
204    0.048884382608373    17.568156661189732    11.033935299936275    13871.486053040105617    275.396263410193512
205    0.050822969861546    17.565623412517255    11.012162330082447    13860.548023631708929    275.386274523366581
206    0.052532726481904    17.558907225891062    10.975076254589112    14068.793044195917901    275.376579463553298
207    0.054010051213017    17.549050753993527    10.943662828985453    14548.117037881806027    275.367167940606976
208    0.055540162998573    17.571034509098411    10.898033892652165    15003.191361121076625    275.358029769708480
209    0.056847211504944    17.556313132175774    10.854495306931312    15391.325863569451030    275.349154888680857
210    0.057919121643214    17.592236802338277    10.791293590340956    15736.906439788697753    275.340533374347729
211    0.058988146474963    17.608460311590363    10.732185181647310    16063.258032428449951    275.332155457890735
212    0.059870347252265    17.642765667590936    10.639727858313108    16323.528704315947834    275.324011539161404
213    0.060522504576106    17.714797875061322    10.560866321033700    16530.534397377050482    275.316092199921229
214    0.061120095381425    17.782201118888906    10.439393912304240    16727.616455081792083    275.308388215982575
215    0.061633377766124    17.889651362932796    10.323009263265703    16861.654674769204576    275.300890568239197
216    0.062138292466839    18.031847888930542    10.177007186147875    17029.998134921479505    275.293590452575472
217    0.062588775957985    18.207947135124698    10.002680658678855    17156.777698863239493    275.286479288657006
218    0.062853896048062    18.421892691063135    9.829099609809418    17231.202931626001373    275.279548727608017
219    0.062953328435469    18.672388932002036    9.613937231737509    17292.627294840931427    275.272790658590679
220    0.063072299303582    18.982470273613558    9.387885605811789    17320.945179509464651    275.266197214303247
221    0.063016720439903    19.314864281723771    9.145220539002366    17300.266529890359379    275.259760775425718
222    0.062790741688188    19.664894292752876    8.863903867013050    17248.127157835173421    275.253473974040276
223    0.062696120463525    20.038672919668898    8.589363537906593    17209.591209520876873    275.247329696062934
224    0.062624072025553    20.437115276510440    8.285608710989436    17186.154611920530442    275.241321082725278
225    0.062470290004374    20.803926471417753    7.965194952532784    17167.366540181799792    275.235441531147615
226    0.062295846624774    21.202388421554076    7.646002905565183    17109.539144801325165    275.229684694049411
227    0.061984341789793    21.551832314926969    7.302434273937706    17013.873295378522016    275.224044478645681
228    0.061582079607368    21.907238540587912    6.998334793061076    17025.031939980981406    275.218515044777519
229    0.061481722448825    22.227349593404824    6.821682737427636    17256.007717595173744    275.213090802329191
230    0.061261821116741    22.522152545534141    6.674577590777517    17462.001142483728472    275.207766407983286
231    0.061064802020149    22.798048159345967    6.511248766350946    17658.539858843432739    275.202536761367696
232    0.060779591021509    23.017991443894516    6.368569723570999    17811.954345071513671    275.197397000646731
233    0.060541744101394    23.228881905484627    6.243352462794064    17960.155431267514359    275.192342497609161
234    0.060879949339801    23.403231253542003    6.132537228139881    18079.789195055840537    275.187368852306065
235    0.061157203851587    23.520787828086668    6.048200820836428    18155.856151289946865    275.182471887289239
236    0.061380930413463    23.619574674714045    6.010097385323206    18216.390710012579802    275.177647641501039
237    0.061527801898284    23.685743986126226    6.014235748855754    18256.909358674718533    275.172892363862729
238    0.061535610059132    23.696052293725756    6.065975010625607    18254.622244463418610    275.168202506611351
239    0.061483541485672    23.689247835724927    6.171183666516299    18238.168051915767137    275.163574718426901
240    0.061378686204044    23.652508465240317    6.333205497870495    18198.440955717058387    275.159005837395682
241    0.061139674474985    23.561885126020968    6.554927095650783    18117.750070837035310    275.154492883849002
242    0.060803397020945    23.436612646069420    6.830844079003327    18020.846056123438757    275.150033053116715
243    0.060449676927940    23.300426358940115    7.147330396902362    17909.143136661034077    275.145623708231540
244    0.059975900222093    23.114397272020256    7.501039057050548    17758.892775712127332    275.141262372618485
245    0.059433329662286    22.900687815178230    7.876318490874837    17591.925518479431048    275.136946722799507
246    0.058865073019402    22.676840446740698    8.252083852210035    17412.626439584069885    275.132674581143988
247    0.058179645538767    22.405912796019265    8.636161102232563    17197.792978919809684    275.128443908690429
248    0.057453646316256    22.107535056451695    9.009005102015635    16983.566027167718858    275.124252798062969
249    0.057071595413866    21.807851597931005    9.381489336577943    16748.304372153652366    275.120099466506133
250    0.056599534168734    21.465419043082704    9.721804544569750    16480.853826200880576    275.115982249054525
251    0.056137539217395    21.115889187198832    10.065235404904342    16226.395184499095194    275.111899591857934
252    0.055806449368142    20.749185614857538    10.383264145496014    15944.971310107095633    275.107850045672933
253    0.055390373572729    20.358441368882779    10.693587704007314    15656.973547800793312    275.103832259538137
254    0.054892002890325    19.977733286979969    11.043299204706273    15362.438398314407095    275.099844974639439
255    0.054316630262635    19.560880941887660    11.362671989009868    15150.580272630963009    275.095887018379869
256    0.053969724647009    19.165899001465505    11.645072462308235    15040.214495905034710    275.091957298655757
257    0.053544272538762    18.742855521125591    11.889293213338078    14907.666095322172623    275.088054798349788
258    0.053042607156089    18.336257561336708    12.094467456817256    14753.642813076206949    275.084178570043264
259    0.052478925175834    17.911538374019131    12.290137340477031    14612.530955008638557    275.080327730950785
260    0.052079698928414    17.505485912803351    12.479770516512417    14495.868957792816218    275.076501458079690
261    0.051660371414585    17.090285826137347    12.629280268074126    14364.311145959189162    275.072698983615794
262    0.051168966835278    16.696670881841953    12.738627333642853    14212.483274920552503    275.068919590534676
263    0.050673898426163    16.298107426449917    12.820486302584868    14094.472536144079641    275.065162608438186
264    0.050288704640271    15.910431700496019    12.916592527210014    13974.654399080842268    275.061427409615476
265    0.049835106976427    15.598754776000249    12.972906694890753    13835.530537206446752    275.057713405325728
266    0.049610212526636    15.292979672968670    12.990145938711066    13868.182221814116929    275.054020042301147
267    0.050063765405769    14.954597882096095    12.969272133470440    13991.139915474457666    275.050346799467036
268    0.050455385353936    14.593555001720176    12.916059786468850    14096.267541336361319    275.046693184876801
269    0.050783722017185    14.205605471338743    12.867898111514478    14183.175375272112433    275.043058732856821
270    0.051047645879526    13.927159048797449    12.805926838912001    14251.539386167016346    275.039443001359473
271    0.051246253880511    13.999304984167814    12.708983910525603    14301.102859440725297    275.035845569518699
272    0.051378873765754    14.059413474641815    12.592774071536496    14331.677640590700321    275.032266035403950
273    0.051468549437190    14.173777453925524    12.447672270282965    14344.014326019387227    275.028704013967570
274    0.051501699582422    14.274997521830812    12.272510782627705    14343.647088922851253    275.025159135179024
275    0.051465424712175    14.363960600723686    12.069367009039070    14323.407194523548242    275.021631042340971
276    0.051360106916979    14.440445874464956    11.884763283722350    14283.418897838506382    275.018119390577908
277    0.051186380359421    14.503988096464610    11.688283920078902    14223.880907052836847    275.014623845491144
278    0.050945127433772    14.594482174259582    11.466462491292532    14145.065146082895808    275.011144081969746
279    0.050637473634245    14.698928324962836    11.221533328700843    14047.315126884845085    275.007679783149229
280    0.050264781156059    14.790406102850028    10.955798944963135    13931.043940413510427    275.004230639506432
281    0.049828641255738    14.869819891805165    10.679976779285425    13796.731875943602063    275.000796348080655
282   