0.247602
0.162393
0.104963
0.0693393
0.0564164
0.0480803
0.040926
0.0372558
0.0328432
0.0297132
0.0279319
0.0256443
0.0236483
0.0221847
0.020899
0.0195516
0.0186048
0.0174882
0.0165619
0.0157221
0.0151775
0.0145123
0.0137918
0.0131452
0.012667
0.012257
0.0117813
0.01136
0.0109581
0.0105135
0.0101752
0.00982563
0.00953858
0.00927766
0.008984
0.00870511
0.00841968
0.00812666
0.0079507
0.00775001
0.00754203
0.00736565
0.00717106
0.00697161
0.00676721
0.00658375
0.00643509
0.00630985
0.00617747
0.00605411
0.00592102
0.00577929
0.00563037
0.00551471
0.00541913
0.00531581
0.00522547
0.00513142
0.00503086
0.00492481
0.00483966
0.00476178
0.00468251
0.00460812
0.00454308
0.00447598
0.00440714
0.00433686
0.00427823
0.00422049
0.00416114
0.00410042
0.00403991
0.00399003
0.00393865
0.00388598
0.0038322
0.00378082
0.00373618
0.00369032
0.00364341
0.00359558
0.00355094
0.00351089
0.00346983
0.00342788
0.00338515
0.0033456
0.00330956
0.00327266
0.003235
0.00319669
0.00316104
0.0031285
0.00309522
0.0030613
0.00302679
0.00299421
0.00296473
0.00293462
0.00290394
0.00287276
0.00284262
0.00281584
0.0027885
0.00276066
0.00273237
0.00270424
0.00267983
0.00265492
0.00262957
0.00260381
0.00257769
0.00255504
0.00253228
0.00250911
0.00248559
0.00246173
0.00244011
0.00241924
0.002398
0.00237644
0.00235458
0.00233387
0.00231467
0.00229514
0.00227532
0.00225522
0.00223533
0.00221762
0.00219961
0.00218132
0.00216279
0.00214402
0.00212726
0.0021106
0.00209368
0.00207653
0.00205917
0.0020429
0.00202743
0.00201173
0.00199581
0.0019797
0.0019639
0.0019495
0.00193488
0.00192007
0.00190507
0.0018899
0.00187627
0.00186262
0.00184879
0.00183478
0.00182089
0.00180807
0.00179504
0.00178182
0.00176842
0.00175514
0.00174327
0.00173171
0.00171995
0.00170801
0.0016959
0.00168363
0.00167122
0.00166006
0.0016494
0.00163858
0.0016276
0.00161647
0.0016052
0.00159379
0.00158304
0.00157319
0.00156319
0.00155305
0.00154278
0.00153238
0.00152186
0.00151151
0.00150237
0.0014931
0.0014837
0.00147418
0.00146456
0.00145482
0.00144499
0.00143635
0.00142772
0.00141898
0.00141013
0.00140118
0.00139213
0.001383
0.0013746
0.00136654
0.00135837
0.00135011
0.00134176
0.00133332
0.0013248
0.00131666
0.00130909
0.00130143
0.00129369
0.00128587
0.00127797
0.00127
0.00126211
0.00125498
0.00124777
0.00124049
0.00123313
0.00122571
0.00121822
0.00121081
0.00120447
0.00119806
0.00119159
0.00118504
0.00117843
0.00117177
0.00116504
0.00115915
0.00115326
0.00114729
0.00114127
0.00113518
0.00112904
0.00112285
0.0011166
0.00111069
0.00110517
0.0010996
0.00109398
0.0010883
0.00108257
0.00107679
0.00107097
0.0010651
0.0010599
0.00105467
0.00104939
0.00104407
0.0010387
0.00103329
0.00102784
0.00102235
0.00101713
0.0010122
0.00100724
0.00100223
0.000997183
0.000992098
0.000986977
0.000981822
0.000976634
0.00097195
0.00096726
0.000962533
0.000957771
0.000952975
0.000948148
0.00094329
0.000938404
0.000933686
0.000929242
0.000924765
0.000920258
0.000915722
0.000911157
0.000906566
0.000901949
0.000897309
0.000892992
0.000888741
0.000884463
0.00088016
0.000875958
0.000872067
0.000868354
0.000864614
0.000860849
0.00085706
0.000853247
0.000849412
0.000845556
0.000841679
0.000837784
0.000834268
0.000830736
0.000827182
0.000823606
0.00082001
0.000816395
0.000812761
0.00080911
0.000805441
0.000801884
0.000798539
0.000795174
0.000791792
0.000788391
0.000784974
0.00078154
0.000778092
0.000774628
0.000771151
0.000767864
0.000764672
0.000761464
0.000758241
0.000755003
0.000751752
0.000748487
0.00074521
0.000741921
0.000738621
0.000735542
0.000732494
0.000729432
0.000726359
0.000723274
0.000720178
0.000717071
0.000713954
0.000710828
0.000707693
0.000704766
0.000701855
0.000698933
0.000696001
0.000693059
0.000690181
0.000687453
0.000684715
0.000682016
0.0006795
0.000676973
0.000674436
0.000671889
0.000669334
0.000666769
0.000664197
0.000661616
0.000659028
0.000656433
0.000653908
0.000651509
0.0006491
0.000646684
0.00064426
0.000641828
0.00063939
0.000636945
0.000634493
0.000632036
0.000629573
0.000627176
0.000624887
0.00062259
0.000620288
0.000617979
0.000615664
0.000613345
0.000611019
0.00060869
0.000606355
0.000604017
0.000601706
0.000599521
0.000597332
0.000595137
0.000592938
0.000590734
0.000588526
0.000586315
0.0005841
0.000581881
0.00057966
0.000577435
0.000575317
0.000573229
0.000571137
0.000569042
0.000566944
0.000564843
0.000562739
0.000560632
0.000558653
0.000556766
0.000554876
0.000552982
0.000551085
0.000549185
0.000547282
0.00054538
0.000543601
0.000541819
0.000540033
0.000538243
0.000536451
0.000534656
0.000532858
0.000531057
0.000529255
0.00052745
0.000525643
0.000523834
0.000522092
0.000520393
0.000518691
0.000516987
0.000515281
0.000513573
0.000511862
0.00051015
0.000508437
0.000506722
0.000505005
0.000503288
0.000501569
0.000499934
0.000498313
0.00049669
0.000495066
0.00049344
0.000491814
0.000490186
0.000488556
0.000486927
0.000485296
0.000483665
0.000482033
0.000480401
0.000478831
0.000477286
0.00047574
0.000474193
0.000472645
0.000471097
0.000469548
0.000468
0.00046645
0.000464901
0.000463352
0.000461802
0.000460286
0.000458933
0.000457579
0.000456224
0.000454867
0.00045351
0.000452151
0.000450792
0.000449432
0.000448071
0.00044671
0.000445349
0.000443986
0.000442624
0.000441286
0.000439996
0.000438706
0.000437414
0.000436122
0.00043483
0.000433537
0.000432243
0.00043095
0.000429656
0.000428362
0.000427068
0.000425774
0.00042448
0.000423186
0.000421944
0.000420714
0.000419485
0.000418255
0.000417025
0.000415795
0.000414565
0.000413335
0.000412106
0.000410876
0.000409647
0.000408419
0.00040719
0.000405962
0.000404735
0.000403548
0.000402378
0.000401208
0.000400039
0.000398869
0.0003977
0.000396532
0.000395364
0.000394196
0.000393029
0.000391863
0.000390698
0.000389533
0.000388369
0.000387205
0.000386043
0.000384979
0.000383931
0.000382883
0.000381835
0.000380787
0.00037974
0.000378693
0.000377646
0.0003766
0.000375597
0.0003746
0.000373602
0.000372605
0.000371607
0.00037061
0.000369613
0.000368617
0.000367621
0.000366625
0.000365629
0.000364634
0.00036364
0.000362646
0.000361652
0.000360659
0.00035968
0.00035873
0.000357781
0.000356833
0.000355885
0.000354937
0.00035399
0.000353043
0.000352097
0.000351151
0.000350206
0.000349262
0.000348319
0.000347376
0.000346433
0.000345492
0.000344551
0.000343612
0.000342708
0.000341807
0.000340906
0.000340006
0.000339107
0.000338209
0.000337311
0.000336414
0.000335517
0.000334622
0.000333727
0.000332833
0.00033194
0.000331048
0.000330157
0.000329267
0.000328377
0.000327489
0.000326627
0.000325773
0.00032492
0.000324068
0.000323216
0.000322412
0.000321629
0.000320847
0.000320066
0.000319285
0.000318504
0.000317724
0.000316944
0.000316165
0.000315387
0.000314609
0.000313831
0.000313055
0.000312278
0.000311503
0.000310728
0.000309954
0.000309181
0.000308408
0.000307658
0.000306915
0.000306173
0.000305432
0.000304691
0.00030395
0.000303211
0.000302472
0.000301733
0.000300995
0.000300258
0.000299522
0.000298787
0.000298052
0.000297318
0.000296585
0.000295852
0.000295121
0.00029439
0.00029366
0.000292952
0.000292249
0.000291546
0.000290844
0.000290143
0.000289443
0.000288743
0.000288044
0.000287346
0.000286649
0.000285952
0.000285257
0.000284562
0.000283868
0.000283175
0.000282483
0.000281791
0.000281101
0.000280411
0.000279723
0.000279035
0.000278366
0.000277702
0.000277039
0.000276377
0.000275715
0.000275054
0.0002744
0.000273783
0.000273166
0.00027255
0.000271935
0.00027132
0.000270705
0.000270092
0.000269479
0.000268866
0.000268255
0.000267644
0.000267033
0.000266424
0.000265815
0.000265207
0.000264613
0.000264026
0.000263439
0.000262853
0.000262267
0.000261682
0.000261098
0.000260515
0.000259932
0.00025935
0.000258768
0.000258187
0.000257607
0.000257027
0.000256449
0.000255871
0.000255293
0.000254717
0.000254141
0.000253566
0.000252991
0.000252418
0.000251845
0.000251287
0.000250733
0.000250179
0.000249627
0.000249074
0.000248523
0.000247972
0.000247422
0.000246872
0.000246324
0.000245776
0.000245229
0.000244682
0.000244136
0.000243591
0.000243047
0.000242504
0.000241961
0.000241419
0.000240878
0.000240338
0.000239798
0.00023926
0.000238722
0.000238194
0.000237672
0.000237152
0.000236632
0.000236112
0.000235594
0.000235076
0.000234559
0.000234044
0.000233554
0.000233066
0.000232578
0.000232091
0.000231604
0.000231118
0.000230633
0.000230148
0.000229664
0.00022918
0.000228698
0.000228225
0.000227757
0.000227289
0.000226822
0.000226356
0.00022589
0.000225425
0.00022496
0.000224496
0.000224033
0.00022357
0.000223107
0.000222646
0.000222185
0.000221724
0.000221264
0.000220805
0.000220347
0.000219889
0.000219431
0.000218975
0.000218519
0.000218063
0.000217609
0.000217155
0.000216701
0.000216255
0.000215815
0.000215375
0.000214936
0.000214497
0.00021406
0.000213622
0.000213186
0.00021275
0.000212314
0.000211879
0.000211445
0.000211012
0.000210579
0.000210146
0.000209715
0.000209284
0.000208853
0.000208424
0.000207995
0.000207566
0.000207138
0.000206711
0.000206285
0.000205859
0.000205434
0.00020501
0.000204586
0.00020417
0.000203758
0.000203346
0.000202935
0.000202525
0.000202115
0.000201706
0.000201298
0.00020089
0.000200482
0.00020008
0.000199692
0.000199303
0.000198915
0.000198528
0.000198142
0.000197755
0.000197375
0.000196999
0.000196624
0.000196249
0.000195875
0.000195502
0.000195129
0.000194756
0.000194384
0.000194012
0.000193641
0.000193271
0.000192901
0.000192531
0.000192162
0.000191794
0.000191426
0.000191058
0.000190691
0.000190325
0.000189959
0.000189594
0.000189229
0.000188865
0.000188501
0.000188138
0.000187775
0.000187413
0.000187052
0.000186691
0.000186336
0.000185984
0.000185633
0.000185282
0.000184932
0.000184583
0.000184234
0.000183885
0.000183537
0.000183189
0.000182842
0.000182496
0.00018215
0.000181804
0.000181459
0.000181115
0.000180771
0.000180427
0.000180085
0.000179742
0.0001794
0.000179059
0.000178718
0.000178378
0.000178039
0.000177699
0.000177361
0.000177023
0.000176685
0.000176348
0.000176012
0.000175676
0.000175347
0.000175019
0.000174692
0.000174365
0.000174039
0.000173713
0.000173388
0.000173063
0.000172739
0.000172416
0.000172093
0.00017177
0.000171458
0.000171148
0.000170844
0.000170541
0.000170239
0.000169937
0.000169636
0.000169335
0.000169034
0.000168734
0.000168434
0.000168135
0.000167836
0.000167537
0.000167239
0.000166942
0.000166645
0.000166348
0.000166051
0.000165756
0.00016546
0.000165165
0.00016487
0.000164576
0.000164283
0.000163989
0.000163696
0.000163404
0.000163112
0.00016282
0.000162529
0.000162239
0.000161949
0.000161659
0.000161369
0.000161081
0.000160798
0.000160516
0.000160234
0.000159953
0.000159672
0.000159392
0.000159112
0.000158832
0.000158553
0.000158274
0.000157995
0.000157717
0.00015744
0.000157163
0.000156886
0.00015661
0.000156334
0.000156058
0.000155783
0.000155509
0.000155234
0.000154961
0.000154687
0.000154414
0.000154142
0.00015387
0.000153598
0.000153327
0.000153056
0.000152786
0.000152516
0.000152247
0.000151978
0.000151709
0.000151441
0.000151173
0.00015091
0.000150649
0.000150387
0.000150126
0.000149865
0.000149605
0.000149345
0.000149086
0.000148827
0.000148568
0.00014831
0.000148054
0.000147809
0.000147564
0.00014732
0.000147076
0.000146833
0.00014659
0.000146347
0.000146104
0.000145862
0.00014562
0.000145379
0.000145138
0.000144897
0.000144657
0.000144417
0.000144177
0.000143937
0.000143698
0.00014346
0.000143221
0.000142984
0.000142746
0.000142509
0.000142272
0.000142035
0.000141799
0.000141563
0.000141328
0.000141093
0.000140858
0.000140623
0.000140389
0.000140156
0.000139922
0.000139689
0.000139457
0.000139227
0.000139
0.000138772
0.000138545
0.000138318
0.000138092
0.000137866
0.00013764
0.000137415
0.000137189
0.000136965
0.00013674
0.000136516
0.000136293
0.000136069
0.000135846
0.000135623
0.000135401
0.000135179
0.000134957
0.000134736
0.000134515
0.000134294
0.000134074
0.000133854
0.000133634
0.000133415
0.000133196
0.000132977
0.000132759
0.000132541
0.000132323
0.000132106
0.000131889
0.000131672
0.000131456
0.00013124
0.000131025
0.000130809
0.000130595
0.00013038
0.000130169
0.000129958
0.000129748
0.000129539
0.000129329
0.00012912
0.000128911
0.000128703
0.000128495
0.000128287
0.000128088
0.000127889
0.000127691
0.000127493
0.000127296
0.000127098
0.000126902
0.000126705
0.000126508
0.000126312
0.000126116
0.000125921
0.000125726
0.000125531
0.000125336
0.000125141
0.000124947
0.000124753
0.00012456
0.000124366
0.000124173
0.000123981
0.000123788
0.000123596
0.000123404
0.000123212
0.000123021
0.00012283
0.000122639
0.000122449
0.000122259
0.000122069
0.000121879
0.00012169
0.000121501
0.000121312
0.000121123
0.000120935
0.000120749
0.000120564
0.00012038
0.000120196
0.000120012
0.000119828
0.000119645
0.000119462
0.000119279
0.000119097
0.000118914
0.000118732
0.000118551
0.000118369
0.000118188
0.000118007
0.000117826
0.000117646
0.000117466
0.000117286
0.000117106
0.000116927
0.000116748
0.000116569
0.000116391
0.000116213
0.000116035
0.000115857
0.00011568
0.000115502
0.000115325
0.000115149
0.000114973
0.000114796
0.000114621
0.000114445
0.00011427
0.000114095
0.00011392
0.000113746
0.000113571
0.000113397
0.000113224
0.00011305
0.000112877
0.000112704
0.000112533
0.000112363
0.000112194
0.000112024
0.000111855
0.000111687
0.000111518
0.000111353
0.000111191
0.00011103
0.000110868
0.000110707
0.000110546
0.000110386
0.000110225
0.000110065
0.000109905
0.000109745
0.000109586
0.000109427
0.000109267
0.000109109
0.00010895
0.000108792
0.000108633
0.000108475
0.000108318
0.00010816
0.000108003
0.000107846
0.000107689
0.000107532
0.000107376
0.00010722
0.000107064
0.000106908
0.000106753
0.000106597
0.000106442
0.000106287
0.000106133
0.000105978
0.000105824
0.00010567
0.000105517
0.000105363
0.00010521
0.000105057
0.000104906
0.000104756
0.000104605
0.000104455
0.000104306
0.000104156
0.000104007
0.000103857
0.000103709
0.00010356
0.000103411
0.000103263
0.000103115
0.000102967
0.000102819
0.000102672
0.000102525
0.000102378
0.000102231
0.000102084
0.000101938
0.000101792
0.000101646
0.0001015
0.000101355
0.000101209
0.000101064
0.000100919
0.000100775
0.00010063
0.000100486
0.000100342
0.000100198
0.000100054
9.99108e-05
9.97676e-05
9.96246e-05
9.94818e-05
9.93392e-05
9.91969e-05
9.90547e-05
9.89128e-05
9.8771e-05
9.86295e-05
9.84881e-05
9.8347e-05
9.82061e-05
9.80654e-05
9.79249e-05
9.77846e-05
9.76446e-05
9.75049e-05
9.73671e-05
9.72294e-05
9.70927e-05
9.696e-05
9.68274e-05
9.66951e-05
9.65629e-05
9.6431e-05
9.62992e-05
9.61675e-05
9.60361e-05
9.59048e-05
9.57737e-05
9.56428e-05
9.55121e-05
9.53815e-05
9.52512e-05
9.5121e-05
9.4991e-05
9.48611e-05
9.47315e-05
9.4602e-05
9.44727e-05
9.43436e-05
9.42146e-05
9.40859e-05
9.39573e-05
9.38288e-05
9.37006e-05
9.35726e-05
9.34447e-05
9.3317e-05
9.31894e-05
9.30621e-05
9.29349e-05
9.28079e-05
9.26811e-05
9.25545e-05
9.2428e-05
9.23017e-05
9.21756e-05
9.20497e-05
9.19239e-05
9.17983e-05
9.16729e-05
9.15477e-05
9.14232e-05
9.12999e-05
9.11768e-05
9.10538e-05
9.09311e-05
9.08085e-05
9.0686e-05
9.05637e-05
9.04416e-05
9.03197e-05
9.01979e-05
9.00763e-05
8.99549e-05
8.98336e-05
8.97125e-05
8.95916e-05
8.94708e-05
8.93502e-05
8.92298e-05
8.91095e-05
8.89894e-05
8.88695e-05
8.87498e-05
8.86302e-05
8.85107e-05
8.83915e-05
8.82724e-05
8.81534e-05
8.80347e-05
8.79161e-05
8.77977e-05
8.76794e-05
8.75613e-05
8.74434e-05
8.73256e-05
8.7208e-05
8.70906e-05
8.69733e-05
8.68562e-05
8.67392e-05
8.66225e-05
8.65058e-05
8.63894e-05
8.62731e-05
8.6157e-05
8.6041e-05
8.59252e-05
8.58096e-05
8.56941e-05
8.55788e-05
8.54637e-05
8.53487e-05
8.52339e-05
8.51193e-05
8.50048e-05
8.48905e-05
8.47763e-05
8.46664e-05
8.45572e-05
8.44481e-05
8.43392e-05
8.42304e-05
8.41218e-05
8.40133e-05
8.39049e-05
8.37967e-05
8.36887e-05
8.35807e-05
8.3473e-05
8.33653e-05
8.32578e-05
8.31505e-05
8.30432e-05
8.29362e-05
8.28292e-05
8.27224e-05
8.26158e-05
8.25093e-05
8.24029e-05
8.22967e-05
8.21906e-05
8.20846e-05
8.19788e-05
8.18732e-05
8.17676e-05
8.16623e-05
8.1557e-05
8.14519e-05
8.13469e-05
8.12421e-05
8.11374e-05
8.10329e-05
8.09285e-05
8.08242e-05
8.07201e-05
8.06161e-05
8.05123e-05
8.04086e-05
8.0305e-05
8.02016e-05
8.00983e-05
7.99951e-05
7.98921e-05
7.97892e-05
7.96872e-05
7.95857e-05
7.94844e-05
7.93833e-05
7.92822e-05
7.91813e-05
7.90806e-05
7.89799e-05
7.88794e-05
7.8779e-05
7.86788e-05
7.85787e-05
7.84787e-05
7.83789e-05
7.82792e-05
7.81796e-05
7.80802e-05
7.79809e-05
7.78817e-05
7.77826e-05
7.76837e-05
7.75849e-05
7.74863e-05
7.73878e-05
7.72894e-05
7.71911e-05
7.7093e-05
7.6995e-05
7.68971e-05
7.67994e-05
7.67018e-05
7.66043e-05
7.6507e-05
7.64098e-05
7.63127e-05
7.62157e-05
7.61189e-05
7.60222e-05
7.59256e-05
7.58292e-05
7.57329e-05
7.56367e-05
7.55407e-05
7.54448e-05
7.5349e-05
7.52533e-05
7.51578e-05
7.50624e-05
7.49671e-05
7.4872e-05
7.4777e-05
7.46821e-05
7.45873e-05
7.44927e-05
7.43982e-05
7.43038e-05
7.42096e-05
7.41155e-05
7.40215e-05
7.39298e-05
7.38395e-05
7.37492e-05
7.36591e-05
7.35691e-05
7.34792e-05
7.33895e-05
7.32998e-05
7.32103e-05
7.31208e-05
7.30315e-05
7.29423e-05
7.28532e-05
7.27642e-05
7.26753e-05
7.25866e-05
7.24979e-05
7.24094e-05
7.2321e-05
7.22327e-05
7.21445e-05
7.20564e-05
7.19684e-05
7.18805e-05
7.17928e-05
7.17051e-05
7.16176e-05
7.15302e-05
7.14429e-05
7.13557e-05
7.12686e-05
7.11816e-05
7.10948e-05
7.1008e-05
7.09214e-05
7.08348e-05
7.07484e-05
7.06621e-05
7.05759e-05
7.04898e-05
7.04038e-05
7.0318e-05
7.02322e-05
7.01466e-05
7.0061e-05
6.99756e-05
6.98903e-05
6.98051e-05
6.972e-05
6.9635e-05
6.95501e-05
6.94658e-05
6.93819e-05
6.92982e-05
6.92146e-05
6.91311e-05
6.90477e-05
6.89644e-05
6.88812e-05
6.87982e-05
6.87152e-05
6.86323e-05
6.85495e-05
6.84669e-05
6.83843e-05
6.83019e-05
6.82195e-05
6.81373e-05
6.80551e-05
6.79731e-05
6.78911e-05
6.78093e-05
6.77276e-05
6.7646e-05
6.75645e-05
6.7483e-05
6.74017e-05
6.73205e-05
6.72394e-05
6.71584e-05
6.70775e-05
6.69967e-05
6.6916e-05
6.68354e-05
6.67549e-05
6.66746e-05
6.65943e-05
6.65141e-05
6.6434e-05
6.6354e-05
6.62742e-05
6.61944e-05
6.61147e-05
6.60352e-05
6.59557e-05
6.58763e-05
6.57971e-05
6.57179e-05
6.56389e-05
6.55599e-05
6.5481e-05
6.54023e-05
6.53236e-05
6.52451e-05
6.51666e-05
6.50883e-05
6.501e-05
6.49319e-05
6.48538e-05
6.47759e-05
6.4698e-05
6.46203e-05
6.45429e-05
6.44679e-05
6.43929e-05
6.4318e-05
6.42432e-05
6.41685e-05
6.40939e-05
6.40194e-05
6.3945e-05
6.38706e-05
6.37964e-05
6.37222e-05
6.36482e-05
6.35742e-05
6.35003e-05
6.34265e-05
6.33528e-05
6.32792e-05
6.32056e-05
6.31322e-05
6.30588e-05
6.29856e-05
6.29124e-05
6.28393e-05
6.27663e-05
6.26934e-05
6.26205e-05
6.25478e-05
6.24752e-05
6.24026e-05
6.23301e-05
6.22577e-05
6.21854e-05
6.21132e-05
6.20411e-05
6.19691e-05
6.18971e-05
6.18253e-05
6.17535e-05
6.16818e-05
6.16102e-05
6.15387e-05
6.14673e-05
6.1396e-05
6.13247e-05
6.12536e-05
6.11825e-05
6.11115e-05
6.10406e-05
6.09698e-05
6.08991e-05
6.08284e-05
6.07579e-05
6.06874e-05
6.0617e-05
6.05467e-05
6.04765e-05
6.04066e-05
6.03371e-05
6.02678e-05
6.01985e-05
6.01293e-05
6.00602e-05
5.99912e-05
5.99223e-05
5.98535e-05
5.97847e-05
5.9716e-05
5.96474e-05
5.95789e-05
5.95105e-05
5.94421e-05
5.93738e-05
5.93056e-05
5.92375e-05
5.91695e-05
5.91016e-05
5.90337e-05
5.89659e-05
5.88982e-05
5.88306e-05
5.87631e-05
5.86957e-05
5.86283e-05
5.8561e-05
5.84938e-05
5.84267e-05
5.83596e-05
5.82927e-05
5.82258e-05
5.8159e-05
5.80923e-05
5.80256e-05
5.79591e-05
5.78926e-05
5.78262e-05
5.77599e-05
5.76937e-05
5.76275e-05
5.75614e-05
5.74954e-05
5.74295e-05
5.73637e-05
5.72979e-05
5.72323e-05
5.71667e-05
5.71012e-05
5.70357e-05
5.69704e-05
5.69051e-05
5.68399e-05
5.67748e-05
5.67098e-05
5.66448e-05
5.65799e-05
5.65151e-05
5.64504e-05
5.63858e-05
5.63212e-05
5.62567e-05
5.61923e-05
5.61282e-05
5.60658e-05
5.60034e-05
5.59411e-05
5.58789e-05
5.58168e-05
5.57547e-05
5.56927e-05
5.56307e-05
5.55689e-05
5.55071e-05
5.54453e-05
5.53837e-05
5.53221e-05
5.52606e-05
5.51992e-05
5.51378e-05
5.50765e-05
5.50153e-05
5.49541e-05
5.4893e-05
5.4832e-05
5.4771e-05
5.47102e-05
5.46494e-05
5.45886e-05
5.4528e-05
5.44674e-05
5.44068e-05
5.43464e-05
5.4286e-05
5.42257e-05
5.41654e-05
5.41053e-05
5.40452e-05
5.39851e-05
5.39252e-05
5.38653e-05
5.38054e-05
5.37457e-05
5.3686e-05
5.36264e-05
5.35668e-05
5.35073e-05
5.34479e-05
5.33886e-05
5.33293e-05
5.32701e-05
5.3211e-05
5.31519e-05
5.30929e-05
5.3034e-05
5.29751e-05
5.29163e-05
5.28576e-05
5.27989e-05
5.27403e-05
5.26818e-05
5.26233e-05
5.2565e-05
5.25066e-05
5.24484e-05
5.23902e-05
5.23321e-05
5.22741e-05
5.22161e-05
5.21583e-05
5.21008e-05
5.20435e-05
5.19862e-05
5.1929e-05
5.18718e-05
5.18147e-05
5.17577e-05
5.17007e-05
5.16438e-05
5.1587e-05
5.15302e-05
5.14735e-05
5.14169e-05
5.13603e-05
5.13038e-05
5.12474e-05
5.1191e-05
5.11347e-05
5.10785e-05
5.10223e-05
5.09662e-05
5.09101e-05
5.08541e-05
5.07982e-05
5.07424e-05
5.06866e-05
5.06308e-05
5.05752e-05
5.05196e-05
5.0464e-05
5.04086e-05
5.03532e-05
5.02978e-05
5.02425e-05
5.01873e-05
5.01322e-05
5.00771e-05
5.0022e-05
4.99671e-05
4.99122e-05
4.98573e-05
4.98026e-05
4.97479e-05
4.96932e-05
4.96386e-05
4.95841e-05
4.95297e-05
4.94753e-05
4.94209e-05
4.93667e-05
4.93125e-05
4.92583e-05
4.92042e-05
4.91502e-05
4.90963e-05
4.90424e-05
4.89885e-05
4.89348e-05
4.88811e-05
4.88274e-05
4.87738e-05
4.87203e-05
4.86669e-05
4.86135e-05
4.85601e-05
4.85069e-05
4.84537e-05
4.84018e-05
4.835e-05
4.82983e-05
4.82466e-05
4.81949e-05
4.81433e-05
4.80918e-05
4.80404e-05
4.79889e-05
4.79376e-05
4.78863e-05
4.7835e-05
4.77839e-05
4.77327e-05
4.76817e-05
4.76306e-05
4.75797e-05
4.75288e-05
4.74779e-05
4.74271e-05
4.73764e-05
4.73257e-05
4.72751e-05
4.72245e-05
4.7174e-05
4.71236e-05
4.70732e-05
4.70228e-05
4.69725e-05
4.69223e-05
4.68721e-05
4.6822e-05
4.67719e-05
4.67219e-05
4.66719e-05
4.6622e-05
4.65722e-05
4.65224e-05
4.64727e-05
4.6423e-05
4.63734e-05
4.63238e-05
4.62743e-05
4.62248e-05
4.61754e-05
4.6126e-05
4.60767e-05
4.60275e-05
4.59783e-05
4.59292e-05
4.58801e-05
4.58311e-05
4.57821e-05
4.57332e-05
4.56843e-05
4.56355e-05
4.55867e-05
4.5538e-05
4.54894e-05
4.54408e-05
4.53923e-05
4.53438e-05
4.52953e-05
4.5247e-05
4.51986e-05
4.51504e-05
4.51022e-05
4.5054e-05
4.50059e-05
4.49578e-05
4.49098e-05
4.48619e-05
4.4814e-05
4.47661e-05
4.47183e-05
4.46706e-05
4.46229e-05
4.45753e-05
4.45277e-05
4.44802e-05
4.44327e-05
4.43855e-05
4.43384e-05
4.42913e-05
4.42444e-05
4.41974e-05
4.41505e-05
4.41037e-05
4.40569e-05
4.40102e-05
4.39635e-05
4.39169e-05
4.38703e-05
4.38238e-05
4.37773e-05
4.37309e-05
4.36846e-05
4.36382e-05
4.3592e-05
4.35458e-05
4.34996e-05
4.34535e-05
4.34074e-05
4.33614e-05
4.33154e-05
4.32695e-05
4.32237e-05
4.31779e-05
4.31321e-05
4.30864e-05
4.30407e-05
4.29951e-05
4.29495e-05
4.2904e-05
4.28586e-05
4.28132e-05
4.27678e-05
4.27225e-05
4.26772e-05
4.2632e-05
4.25869e-05
4.25418e-05
4.24967e-05
4.24517e-05
4.24067e-05
4.23618e-05
4.23169e-05
4.22721e-05
4.22274e-05
4.21826e-05
4.2138e-05
4.20934e-05
4.20488e-05
4.20043e-05
4.19598e-05
4.19154e-05
4.1871e-05
4.18267e-05
4.17824e-05
4.17382e-05
4.1694e-05
4.16499e-05
4.16058e-05
4.15618e-05
4.15178e-05
4.14739e-05
4.143e-05
4.13862e-05
4.13424e-05
4.12986e-05
4.12549e-05
4.12117e-05
4.1169e-05
4.11264e-05
4.10837e-05
4.10411e-05
4.09986e-05
4.09561e-05
4.09136e-05
4.08712e-05
4.08289e-05
4.07866e-05
4.07443e-05
4.07021e-05
4.06599e-05
4.06177e-05
4.05756e-05
4.05336e-05
4.04916e-05
4.04496e-05
4.04077e-05
4.03658e-05
4.0324e-05
4.02822e-05
4.02405e-05
4.01988e-05
4.01571e-05
4.01155e-05
4.0074e-05
4.00324e-05
3.9991e-05
3.99495e-05
3.99081e-05
3.98668e-05
3.98255e-05
3.97842e-05
3.9743e-05
3.97018e-05
3.96607e-05
3.96196e-05
3.95786e-05
3.95376e-05
3.94967e-05
3.94557e-05
3.94149e-05
3.93741e-05
3.93333e-05
3.92925e-05
3.92518e-05
3.92112e-05
3.91706e-05
3.913e-05
3.90895e-05
3.9049e-05
3.90086e-05
3.89682e-05
3.89278e-05
3.88875e-05
3.88473e-05
3.88071e-05
3.87669e-05
3.87267e-05
3.86867e-05
3.86466e-05
3.86066e-05
3.85666e-05
3.85267e-05
3.84868e-05
3.8447e-05
3.84072e-05
3.83674e-05
3.83277e-05
3.82881e-05
3.82484e-05
3.82088e-05
3.81693e-05
3.81298e-05
3.80903e-05
3.80509e-05
3.80115e-05
3.79722e-05
3.79329e-05
3.78937e-05
3.78545e-05
3.78153e-05
3.77762e-05
3.77371e-05
3.7698e-05
3.7659e-05
3.76201e-05
3.75812e-05
3.75423e-05
3.75035e-05
3.74647e-05
3.74259e-05
3.73872e-05
3.73485e-05
3.73099e-05
3.72713e-05
3.72328e-05
3.71943e-05
3.71558e-05
3.71174e-05
3.7079e-05
3.70407e-05
3.70024e-05
3.69641e-05
3.69259e-05
3.68877e-05
3.68496e-05
3.68115e-05
3.67734e-05
3.67356e-05
3.66978e-05
3.666e-05
3.66223e-05
3.65846e-05
3.65469e-05
3.65093e-05
3.64718e-05
3.64342e-05
3.63968e-05
3.63593e-05
3.63219e-05
3.62845e-05
3.62472e-05
3.62099e-05
3.61727e-05
3.61354e-05
3.60983e-05
3.60611e-05
3.6024e-05
3.5987e-05
3.595e-05
3.5913e-05
3.5876e-05
3.58391e-05
3.58023e-05
3.57655e-05
3.57287e-05
3.56919e-05
3.56552e-05
3.56186e-05
3.55819e-05
3.55453e-05
3.55088e-05
3.54723e-05
3.54358e-05
3.53994e-05
3.5363e-05
3.53266e-05
3.52903e-05
3.5254e-05
3.52178e-05
3.51816e-05
3.51454e-05
3.51093e-05
3.50732e-05
3.50371e-05
3.50011e-05
3.49651e-05
3.49292e-05
3.48933e-05
3.48574e-05
3.48216e-05
3.47858e-05
3.47501e-05
3.47143e-05
3.46787e-05
3.4643e-05
3.46074e-05
3.45719e-05
3.45364e-05
3.45009e-05
3.44654e-05
3.443e-05
3.43946e-05
3.43593e-05
3.4324e-05
3.42887e-05
3.42535e-05
3.42183e-05
3.41835e-05
3.41489e-05
3.41144e-05
3.40799e-05
3.40455e-05
3.4011e-05
3.39767e-05
3.39423e-05
3.3908e-05
3.38737e-05
3.38395e-05
3.38053e-05
3.37711e-05
3.3737e-05
3.37029e-05
3.36688e-05
3.36348e-05
3.36008e-05
3.35668e-05
3.35329e-05
3.3499e-05
3.34651e-05
3.34313e-05
3.33975e-05
3.33638e-05
3.333e-05
3.32964e-05
3.32627e-05
3.32291e-05
3.31955e-05
3.3162e-05
3.31284e-05
3.3095e-05
3.30615e-05
3.30281e-05
3.29947e-05
3.29614e-05
3.29281e-05
3.28948e-05
3.28615e-05
3.28283e-05
3.27952e-05
3.2762e-05
3.27289e-05
3.26958e-05
3.26628e-05
3.26298e-05
3.25968e-05
3.25639e-05
3.2531e-05
3.24981e-05
3.24653e-05
3.24325e-05
3.23997e-05
3.2367e-05
3.23343e-05
3.23016e-05
3.2269e-05
3.22364e-05
3.22038e-05
3.21712e-05
3.21387e-05
3.21063e-05
3.20738e-05
3.20414e-05
3.20091e-05
3.19767e-05
3.19444e-05
3.19121e-05
3.18799e-05
3.18477e-05
3.18155e-05
3.17834e-05
3.17513e-05
3.17192e-05
3.16872e-05
3.16552e-05
3.16232e-05
3.15913e-05
3.15593e-05
3.15275e-05
3.14956e-05
3.14638e-05
3.1432e-05
3.14003e-05
3.13686e-05
3.13369e-05
3.13052e-05
3.12736e-05
3.1242e-05
3.12105e-05
3.1179e-05
3.11475e-05
3.1116e-05
3.10846e-05
3.10532e-05
3.10219e-05
3.09905e-05
3.09592e-05
3.0928e-05
3.08967e-05
3.08655e-05
3.08344e-05
3.08032e-05
3.07721e-05
3.07411e-05
3.071e-05
3.0679e-05
3.06481e-05
3.06171e-05
3.05862e-05
3.05553e-05
3.05245e-05
3.04937e-05
3.04629e-05
3.04321e-05
3.04014e-05
3.03707e-05
3.034e-05
3.03094e-05
3.02788e-05
3.02483e-05
3.02177e-05
3.01872e-05
3.01568e-05
3.01263e-05
3.00959e-05
3.00655e-05
3.00352e-05
3.00049e-05
2.99746e-05
2.99443e-05
2.99141e-05
2.98839e-05
2.98538e-05
2.98236e-05
2.97935e-05
2.97635e-05
2.97334e-05
2.97034e-05
2.96735e-05
2.96435e-05
2.96136e-05
2.95837e-05
2.95539e-05
2.95241e-05
2.94943e-05
2.94645e-05
2.94348e-05
2.94051e-05
2.93754e-05
2.93458e-05
2.93162e-05
2.92866e-05
2.9257e-05
2.92275e-05
2.9198e-05
2.91686e-05
2.91392e-05
2.91098e-05
2.90804e-05
2.90511e-05
2.90218e-05
2.89925e-05
2.89633e-05
2.8934e-05
2.89049e-05
2.88757e-05
2.88466e-05
2.88175e-05
2.87884e-05
2.87594e-05
2.87304e-05
2.87014e-05
2.86725e-05
2.86436e-05
2.86148e-05
2.8586e-05
2.85573e-05
2.85286e-05
2.84999e-05
2.84713e-05
2.84426e-05
2.8414e-05
2.83855e-05
2.83569e-05
2.83284e-05
2.82999e-05
2.82715e-05
2.82431e-05
2.82147e-05
2.81863e-05
2.8158e-05
2.81297e-05
2.81014e-05
2.80732e-05
2.80449e-05
2.80167e-05
2.79886e-05
2.79604e-05
2.79323e-05
2.79043e-05
2.78762e-05
2.78482e-05
2.78202e-05
2.77923e-05
2.77643e-05
2.77364e-05
2.77085e-05
2.76807e-05
2.76529e-05
2.76251e-05
2.75973e-05
2.75696e-05
2.75419e-05
2.75142e-05
2.74866e-05
2.74589e-05
2.74314e-05
2.74038e-05
2.73763e-05
2.73487e-05
2.73213e-05
2.72938e-05
2.72664e-05
2.7239e-05
2.72116e-05
2.71843e-05
2.7157e-05
2.71297e-05
2.71027e-05
2.70757e-05
2.70487e-05
2.70218e-05
2.69949e-05
2.6968e-05
2.69412e-05
2.69144e-05
2.68876e-05
2.68608e-05
2.68341e-05
2.68074e-05
2.67807e-05
2.67541e-05
2.67275e-05
2.6701e-05
2.66745e-05
2.6648e-05
2.66215e-05
2.65951e-05
2.65687e-05
2.65423e-05
2.6516e-05
2.64896e-05
2.64633e-05
2.64371e-05
2.64108e-05
2.63846e-05
2.63584e-05
2.63322e-05
2.63061e-05
2.62799e-05
2.62538e-05
2.62278e-05
2.62017e-05
2.61757e-05
2.61497e-05
2.61238e-05
2.60978e-05
2.60719e-05
2.6046e-05
2.60202e-05
2.59943e-05
2.59685e-05
2.59427e-05
2.5917e-05
2.58912e-05
2.58655e-05
2.58398e-05
2.58142e-05
2.57885e-05
2.57629e-05
2.57374e-05
2.57118e-05
2.56863e-05
2.56608e-05
2.56353e-05
2.56098e-05
2.55844e-05
2.5559e-05
2.55336e-05
2.55083e-05
2.54829e-05
2.54576e-05
2.54324e-05
2.54071e-05
2.53819e-05
2.53567e-05
2.53315e-05
2.53064e-05
2.52812e-05
2.52561e-05
2.52311e-05
2.5206e-05
2.5181e-05
2.5156e-05
2.5131e-05
2.51061e-05
2.50811e-05
2.50562e-05
2.50313e-05
2.50065e-05
2.49817e-05
2.49569e-05
2.49321e-05
2.49073e-05
2.48826e-05
2.48579e-05
2.48332e-05
2.48086e-05
2.47839e-05
2.47593e-05
2.47348e-05
2.47102e-05
2.46857e-05
2.46612e-05
2.46367e-05
2.46122e-05
2.45878e-05
2.45634e-05
2.4539e-05
2.45146e-05
2.44903e-05
2.4466e-05
2.44417e-05
2.44174e-05
2.43932e-05
2.4369e-05
2.43448e-05
2.43206e-05
2.42965e-05
2.42723e-05
2.42482e-05
2.42242e-05
2.42001e-05
2.41761e-05
2.41521e-05
2.41281e-05
2.41042e-05
2.40803e-05
2.40563e-05
2.40325e-05
2.40086e-05
2.39848e-05
2.3961e-05
2.39372e-05
2.39134e-05
2.38897e-05
2.3866e-05
2.38423e-05
2.38186e-05
2.3795e-05
2.37714e-05
2.37478e-05
2.37242e-05
2.37006e-05
2.36771e-05
2.36536e-05
2.36301e-05
2.36067e-05
2.35833e-05
2.35598e-05
2.35365e-05
2.35131e-05
2.34898e-05
2.34664e-05
2.34432e-05
2.34199e-05
2.33966e-05
2.33734e-05
2.33502e-05
2.33271e-05
2.33039e-05
2.32808e-05
2.32577e-05
2.32346e-05
2.32115e-05
2.31885e-05
2.31655e-05
2.31425e-05
2.31195e-05
2.30966e-05
2.30736e-05
2.30507e-05
2.30279e-05
2.3005e-05
2.29822e-05
2.29594e-05
2.29366e-05
2.29138e-05
2.28911e-05
2.28684e-05
2.28457e-05
2.2823e-05
2.28004e-05
2.27777e-05
2.27551e-05
2.27326e-05
2.271e-05
2.26875e-05
2.2665e-05
2.26425e-05
2.262e-05
2.25975e-05
2.25751e-05
2.25527e-05
2.25303e-05
2.2508e-05
2.24857e-05
2.24633e-05
2.24411e-05
2.24188e-05
2.23965e-05
2.23743e-05
2.23521e-05
2.23299e-05
2.23078e-05
2.22857e-05
2.22635e-05
2.22415e-05
2.22194e-05
2.21973e-05
2.21753e-05
2.21533e-05
2.21313e-05
2.21094e-05
2.20874e-05
2.20655e-05
2.20436e-05
2.20218e-05
2.19999e-05
2.19781e-05
2.19563e-05
2.19345e-05
2.19128e-05
2.1891e-05
2.18693e-05
2.18476e-05
2.18259e-05
2.18043e-05
2.17826e-05
2.1761e-05
2.17395e-05
2.17179e-05
2.16963e-05
2.16748e-05
2.16533e-05
2.16318e-05
2.16104e-05
2.15889e-05
2.15675e-05
2.15461e-05
2.15248e-05
2.15034e-05
2.14821e-05
2.14608e-05
2.14395e-05
2.14182e-05
2.1397e-05
2.13758e-05
2.13546e-05
2.13334e-05
2.13122e-05
2.12911e-05
2.127e-05
2.12489e-05
2.12278e-05
2.12067e-05
2.11857e-05
2.11647e-05
2.11437e-05
2.11227e-05
2.11018e-05
2.10809e-05
2.106e-05
2.10391e-05
2.10182e-05
2.09974e-05
2.09765e-05
2.09557e-05
2.0935e-05
2.09142e-05
2.08934e-05
2.08727e-05
2.0852e-05
2.08314e-05
2.08107e-05
2.07901e-05
2.07694e-05
2.07488e-05
2.07283e-05
2.07077e-05
2.06872e-05
2.06667e-05
2.06462e-05
2.06257e-05
2.06053e-05
2.05848e-05
2.05644e-05
2.0544e-05
2.05237e-05
2.05033e-05
2.0483e-05
2.04627e-05
2.04424e-05
2.04221e-05
2.04019e-05
2.03816e-05
2.03614e-05
2.03412e-05
2.03211e-05
2.03009e-05
2.02808e-05
2.02607e-05
2.02406e-05
2.02205e-05
2.02005e-05
2.01805e-05
2.01605e-05
2.01405e-05
2.01205e-05
2.01006e-05
2.00806e-05
2.00607e-05
2.00409e-05
2.0021e-05
2.00011e-05
1.99813e-05
1.99615e-05
1.99417e-05
1.9922e-05
1.99022e-05
1.98825e-05
1.98628e-05
1.98431e-05
1.98236e-05
1.98041e-05
1.97846e-05
1.97652e-05
1.97457e-05
1.97263e-05
1.97069e-05
1.96875e-05
1.96682e-05
1.96488e-05
1.96295e-05
1.96102e-05
1.95909e-05
1.95716e-05
1.95524e-05
1.95331e-05
1.95139e-05
1.94947e-05
1.94755e-05
1.94564e-05
1.94372e-05
1.94181e-05
1.9399e-05
1.93799e-05
1.93609e-05
1.93418e-05
1.93228e-05
1.93038e-05
1.92848e-05
1.92658e-05
1.92469e-05
1.9228e-05
1.9209e-05
1.91901e-05
1.91713e-05
1.91524e-05
1.91336e-05
1.91147e-05
1.90959e-05
1.90772e-05
1.90584e-05
1.90396e-05
1.90209e-05
1.90022e-05
1.89835e-05
1.89648e-05
1.89462e-05
1.89275e-05
1.89089e-05
1.88903e-05
1.88717e-05
1.88532e-05
1.88346e-05
1.88161e-05
1.87976e-05
1.87791e-05
1.87606e-05
1.87422e-05
1.87237e-05
1.87053e-05
1.86869e-05
1.86685e-05
1.86502e-05
1.86318e-05
1.86135e-05
1.85952e-05
1.85769e-05
1.85586e-05
1.85404e-05
1.85221e-05
1.85039e-05
1.84857e-05
1.84675e-05
1.84494e-05
1.84312e-05
1.84131e-05
1.8395e-05
1.83769e-05
1.83588e-05
1.83407e-05
1.83227e-05
1.83047e-05
1.82867e-05
1.82687e-05
1.82507e-05
1.82327e-05
1.82148e-05
1.81969e-05
1.8179e-05
1.81611e-05
1.81432e-05
1.81254e-05
1.81076e-05
1.80898e-05
1.8072e-05
1.80542e-05
1.80364e-05
1.80187e-05
1.8001e-05
1.79832e-05
1.79656e-05
1.79479e-05
1.79302e-05
1.79126e-05
1.7895e-05
1.78774e-05
1.78598e-05
1.78422e-05
1.78247e-05
1.78071e-05
1.77896e-05
1.77721e-05
1.77546e-05
1.77372e-05
1.77197e-05
1.77023e-05
1.76849e-05
1.76675e-05
1.76501e-05
1.76327e-05
1.76154e-05
1.75981e-05
1.75808e-05
1.75635e-05
1.75462e-05
1.75289e-05
1.75117e-05
1.74945e-05
1.74773e-05
1.74601e-05
1.74429e-05
1.74257e-05
1.74086e-05
1.73915e-05
1.73744e-05
1.73573e-05
1.73402e-05
1.73231e-05
1.73061e-05
1.72891e-05
1.72721e-05
1.72551e-05
1.72381e-05
1.72212e-05
1.72042e-05
1.71873e-05
1.71704e-05
1.71535e-05
1.71366e-05
1.71198e-05
1.71029e-05
1.70861e-05
1.70693e-05
1.70525e-05
1.70357e-05
1.7019e-05
1.70022e-05
1.69855e-05
1.69688e-05
1.69521e-05
1.69355e-05
1.69188e-05
1.69022e-05
1.68855e-05
1.68689e-05
1.68523e-05
1.68358e-05
1.68192e-05
1.68027e-05
1.67861e-05
1.67696e-05
1.67531e-05
1.67366e-05
1.67202e-05
1.67037e-05
1.66873e-05
1.66709e-05
1.66545e-05
1.66381e-05
1.66218e-05
1.66054e-05
1.65891e-05
1.65728e-05
1.65565e-05
1.65402e-05
1.65239e-05
1.65077e-05
1.64914e-05
1.64752e-05
1.6459e-05
1.64428e-05
1.64266e-05
1.64105e-05
1.63943e-05
1.63782e-05
1.63621e-05
1.6346e-05
1.63299e-05
1.63139e-05
1.62978e-05
1.62818e-05
1.62658e-05
1.62498e-05
1.62338e-05
1.62178e-05
1.62019e-05
1.6186e-05
1.617e-05
1.61541e-05
1.61383e-05
1.61224e-05
1.61065e-05
1.60907e-05
1.60749e-05
1.60591e-05
1.60433e-05
1.60275e-05
1.60117e-05
1.5996e-05
1.59802e-05
1.59645e-05
1.59488e-05
1.59331e-05
1.59175e-05
1.59018e-05
1.58862e-05
1.58706e-05
1.58549e-05
1.58394e-05
1.58238e-05
1.58082e-05
1.57927e-05
1.57771e-05
1.57616e-05
1.57461e-05
1.57306e-05
1.57152e-05
1.56997e-05
1.56843e-05
1.56689e-05
1.56534e-05
1.5638e-05
1.56227e-05
1.56073e-05
1.5592e-05
1.55766e-05
1.55613e-05
1.55461e-05
1.55308e-05
1.55155e-05
1.55003e-05
1.5485e-05
1.54698e-05
1.54546e-05
1.54394e-05
1.54243e-05
1.54091e-05
1.5394e-05
1.53789e-05
1.53637e-05
1.53486e-05
1.53336e-05
1.53185e-05
1.53034e-05
1.52884e-05
1.52734e-05
1.52584e-05
1.52434e-05
1.52284e-05
1.52135e-05
1.51985e-05
1.51836e-05
1.51687e-05
1.51538e-05
1.51389e-05
1.5124e-05
1.51093e-05
1.50946e-05
1.50799e-05
1.50652e-05
1.50505e-05
1.50358e-05
1.50212e-05
1.50065e-05
1.49919e-05
1.49773e-05
1.49627e-05
1.49481e-05
1.49335e-05
1.4919e-05
1.49044e-05
1.48899e-05
1.48754e-05
1.48609e-05
1.48464e-05
1.48319e-05
1.48175e-05
1.4803e-05
1.47886e-05
1.47742e-05
1.47598e-05
1.47454e-05
1.4731e-05
1.47167e-05
1.47023e-05
1.4688e-05
1.46737e-05
1.46594e-05
1.46451e-05
1.46308e-05
1.46166e-05
1.46023e-05
1.45881e-05
1.45739e-05
1.45597e-05
1.45455e-05
1.45313e-05
1.45171e-05
1.4503e-05
1.44888e-05
1.44747e-05
1.44606e-05
1.44465e-05
1.44324e-05
1.44184e-05
1.44043e-05
1.43903e-05
1.43762e-05
1.43622e-05
1.43482e-05
1.43342e-05
1.43202e-05
1.43063e-05
1.42923e-05
1.42784e-05
1.42645e-05
1.42506e-05
1.42367e-05
1.42228e-05
1.42089e-05
1.41951e-05
1.41812e-05
1.41674e-05
1.41536e-05
1.41398e-05
1.4126e-05
1.41123e-05
1.40985e-05
1.40847e-05
1.4071e-05
1.40573e-05
1.40436e-05
1.40299e-05
1.40162e-05
1.40025e-05
1.39889e-05
1.39753e-05
1.39616e-05
1.3948e-05
1.39344e-05
1.39208e-05
1.39073e-05
1.38937e-05
1.38801e-05
1.38666e-05
1.38531e-05
1.38396e-05
1.38261e-05
1.38126e-05
1.37991e-05
1.37857e-05
1.37722e-05
1.37588e-05
1.37454e-05
1.3732e-05
1.37186e-05
1.37052e-05
1.36919e-05
1.36785e-05
1.36652e-05
1.36518e-05
1.36385e-05
1.36252e-05
1.36119e-05
1.35987e-05
1.35854e-05
1.35722e-05
1.35589e-05
1.35457e-05
1.35325e-05
1.35193e-05
1.35061e-05
1.34929e-05
1.34798e-05
1.34666e-05
1.34535e-05
1.34404e-05
1.34273e-05
1.34142e-05
1.34011e-05
1.3388e-05
1.3375e-05
1.33619e-05
1.33489e-05
1.33359e-05
1.33229e-05
1.33099e-05
1.32969e-05
1.32839e-05
1.3271e-05
1.3258e-05
1.32451e-05
1.32322e-05
1.32193e-05
1.32064e-05
1.31935e-05
1.31806e-05
1.31678e-05
1.31549e-05
1.31421e-05
1.31293e-05
1.31165e-05
1.31037e-05
1.30909e-05
1.30781e-05
1.30654e-05
1.30526e-05
1.30399e-05
1.30272e-05
1.30145e-05
1.30018e-05
1.29891e-05
1.29764e-05
1.29638e-05
1.29511e-05
1.29385e-05
1.29259e-05
1.29133e-05
1.29007e-05
1.28881e-05
1.28755e-05
1.28629e-05
1.28504e-05
1.28379e-05
1.28253e-05
1.28128e-05
1.28003e-05
1.27878e-05
1.27754e-05
1.27629e-05
1.27504e-05
1.2738e-05
1.27256e-05
1.27132e-05
1.27008e-05
1.26884e-05
1.2676e-05
1.26636e-05
1.26513e-05
1.26389e-05
1.26266e-05
1.26143e-05
1.2602e-05
1.25897e-05
1.25774e-05
1.25651e-05
1.25529e-05
1.25406e-05
1.25284e-05
1.25162e-05
1.2504e-05
1.24918e-05
1.24796e-05
1.24674e-05
1.24552e-05
1.24431e-05
1.24309e-05
1.24188e-05
1.24067e-05
1.23946e-05
1.23825e-05
1.23704e-05
1.23583e-05
1.23463e-05
1.23342e-05
1.23222e-05
1.23102e-05
1.22982e-05
1.22862e-05
1.22742e-05
1.22622e-05
1.22502e-05
1.22383e-05
1.22264e-05
1.22144e-05
1.22025e-05
1.21906e-05
1.21787e-05
1.21668e-05
1.21549e-05
1.21431e-05
1.21312e-05
1.21194e-05
1.21076e-05
1.20958e-05
1.2084e-05
1.20722e-05
1.20604e-05
1.20486e-05
1.20369e-05
1.20251e-05
1.20134e-05
1.20017e-05
1.19899e-05
1.19782e-05
1.19666e-05
1.19549e-05
1.19432e-05
1.19316e-05
1.19199e-05
1.19083e-05
1.18967e-05
1.18851e-05
1.18735e-05
1.18619e-05
1.18503e-05
1.18387e-05
1.18272e-05
1.18156e-05
1.18041e-05
1.17926e-05
1.17811e-05
1.17696e-05
1.17581e-05
1.17466e-05
1.17352e-05
1.17237e-05
1.17123e-05
1.17008e-05
1.16894e-05
1.1678e-05
1.16666e-05
1.16552e-05
1.16438e-05
1.16325e-05
1.16211e-05
1.16098e-05
1.15985e-05
1.15871e-05
1.15758e-05
1.15645e-05
1.15532e-05
1.1542e-05
1.15307e-05
1.15194e-05
1.15082e-05
1.1497e-05
1.14858e-05
1.14745e-05
1.14633e-05
1.14522e-05
1.1441e-05
1.14298e-05
1.14187e-05
1.14075e-05
1.13964e-05
1.13852e-05
1.13741e-05
1.1363e-05
1.13519e-05
1.13409e-05
1.13298e-05
1.13187e-05
1.13077e-05
1.12967e-05
1.12856e-05
1.12746e-05
1.12636e-05
1.12526e-05
1.12416e-05
1.12307e-05
1.12197e-05
1.12087e-05
1.11978e-05
1.11869e-05
1.11759e-05
1.1165e-05
1.11541e-05
1.11433e-05
1.11324e-05
1.11215e-05
1.11107e-05
1.10998e-05
1.1089e-05
1.10781e-05
1.10673e-05
1.10565e-05
1.10457e-05
1.1035e-05
1.10242e-05
1.10134e-05
1.10027e-05
1.09919e-05
1.09812e-05
1.09705e-05
1.09598e-05
1.09491e-05
1.09384e-05
1.09277e-05
1.0917e-05
1.09064e-05
1.08957e-05
1.08851e-05
1.08745e-05
1.08639e-05
1.08532e-05
1.08427e-05
1.08321e-05
1.08215e-05
1.08109e-05
1.08004e-05
1.07898e-05
1.07793e-05
1.07688e-05
1.07583e-05
1.07478e-05
1.07373e-05
1.07268e-05
1.07163e-05
1.07058e-05
1.06954e-05
1.0685e-05
1.06745e-05
1.06641e-05
1.06537e-05
1.06433e-05
1.06329e-05
1.06225e-05
1.06121e-05
1.06018e-05
1.05914e-05
1.05811e-05
1.05708e-05
1.05604e-05
1.05501e-05
1.05398e-05
1.05295e-05
1.05193e-05
1.0509e-05
1.04987e-05
1.04885e-05
1.04782e-05
1.0468e-05
1.04578e-05
1.04476e-05
1.04374e-05
1.04272e-05
1.0417e-05
1.04068e-05
1.03967e-05
1.03865e-05
1.03764e-05
1.03662e-05
1.03561e-05
1.0346e-05
1.03359e-05
1.03258e-05
1.03157e-05
1.03057e-05
1.02956e-05
1.02855e-05
1.02755e-05
1.02655e-05
1.02554e-05
1.02454e-05
1.02354e-05
1.02254e-05
1.02154e-05
1.02055e-05
1.01955e-05
1.01856e-05
1.01756e-05
1.01657e-05
1.01557e-05
1.01458e-05
1.01359e-05
1.0126e-05
1.01161e-05
1.01063e-05
1.00964e-05
1.00865e-05
1.00767e-05
1.00668e-05
1.0057e-05
1.00472e-05
1.00374e-05
1.00276e-05
1.00178e-05
1.0008e-05
9.99823e-06
