0.248352
0.162383
0.104543
0.0693108
0.0573797
0.0478594
0.0405691
0.037329
0.0334834
0.0295166
0.0282052
0.0264265
0.0246345
0.0229258
0.021682
0.0205808
0.0194895
0.0186549
0.0176744
0.0169093
0.016113
0.01557
0.0150554
0.0144858
0.0139397
0.0133367
0.0130075
0.0126845
0.0123015
0.0118884
0.0115539
0.0111784
0.010934
0.0106891
0.0104081
0.0100984
0.00982147
0.00958241
0.00941427
0.00923207
0.00902562
0.00879899
0.00856559
0.00841309
0.00825267
0.00811816
0.00796605
0.00779885
0.00761888
0.00747062
0.00735934
0.00723373
0.00712183
0.00699815
0.00686419
0.00672139
0.00661069
0.00653022
0.00643877
0.00633752
0.00623696
0.00612984
0.00601618
0.00591337
0.00585607
0.00579021
0.00571656
0.00563588
0.0055489
0.00545631
0.00535877
0.00529319
0.0052466
0.0051937
0.005135
0.00507101
0.00500221
0.00492907
0.00485204
0.00478524
0.004744
0.00470204
0.0046556
0.00460503
0.00455066
0.00449281
0.00443181
0.00436794
0.00432159
0.00428867
0.0042522
0.00421241
0.00416953
0.00412381
0.00407547
0.00402472
0.00397177
0.00393504
0.00390664
0.00387552
0.00384186
0.00380583
0.00376757
0.00372727
0.00368507
0.00364111
0.00360609
0.00358198
0.00355573
0.00352747
0.00349733
0.00346541
0.00343184
0.00339673
0.00336019
0.00332285
0.00330259
0.00328062
0.00325702
0.00323189
0.0032053
0.00317736
0.00314814
0.00311772
0.00308619
0.00305935
0.00304106
0.00302143
0.00300053
0.00297842
0.00295517
0.00293084
0.0029055
0.00287946
0.00285388
0.00283016
0.00281389
0.00279655
0.00277819
0.00275887
0.00273862
0.0027175
0.00269735
0.00267701
0.00265581
0.0026338
0.00261491
0.0025997
0.00258366
0.00256682
0.00254922
0.0025309
0.00251479
0.00249795
0.00248038
0.00246211
0.00244317
0.0024259
0.00241192
0.00239727
0.00238199
0.0023661
0.00235189
0.00233796
0.00232339
0.00230822
0.00229247
0.00227616
0.00225933
0.00224632
0.00223305
0.00221927
0.00220526
0.00219376
0.0021817
0.0021691
0.002156
0.0021424
0.00212834
0.00211383
0.00209937
0.0020874
0.00207501
0.00206285
0.00205288
0.00204244
0.00203155
0.00202023
0.00200849
0.00199634
0.00198382
0.00197092
0.00195768
0.00194627
0.00193509
0.00192646
0.00191742
0.001908
0.0018982
0.00188804
0.00187754
0.00186671
0.00185556
0.0018441
0.00183235
0.00182038
0.00181226
0.00180444
0.00179628
0.00178779
0.001779
0.00176991
0.00176052
0.00175086
0.00174092
0.00173073
0.00172029
0.00170962
0.00170175
0.00169468
0.00168733
0.0016797
0.00167181
0.00166367
0.00165528
0.00164666
0.0016378
0.00162873
0.00161944
0.00160995
0.00160183
0.00159545
0.00158883
0.00158198
0.0015749
0.00156761
0.0015601
0.0015524
0.00154449
0.0015364
0.00152812
0.00151967
0.00151201
0.00150532
0.00149936
0.0014932
0.00148685
0.00148031
0.00147359
0.00146669
0.00145962
0.00145239
0.001445
0.00143746
0.00143066
0.00142389
0.00141774
0.0014122
0.00140649
0.00140061
0.00139458
0.0013884
0.00138207
0.0013756
0.00136898
0.00136224
0.00135581
0.0013499
0.00134385
0.00133799
0.00133285
0.00132757
0.00132215
0.0013166
0.00131092
0.00130511
0.00129918
0.00129313
0.00128697
0.00128154
0.00127625
0.00127083
0.00126528
0.00126038
0.0012555
0.0012505
0.00124539
0.00124017
0.00123484
0.00122941
0.00122387
0.00121824
0.00121357
0.00120881
0.00120394
0.00119897
0.00119398
0.00118947
0.00118486
0.00118016
0.00117535
0.00117046
0.00116548
0.00116041
0.00115532
0.00115113
0.00114684
0.00114246
0.00113799
0.00113343
0.00112879
0.00112453
0.0011202
0.00111578
0.00111128
0.0011067
0.00110205
0.00109739
0.00109361
0.00108974
0.00108579
0.00108175
0.00107764
0.00107346
0.00106919
0.00106493
0.00106085
0.00105671
0.0010525
0.00104823
0.0010439
0.00104047
0.00103697
0.00103339
0.00102975
0.00102603
0.00102225
0.0010184
0.00101448
0.00101051
0.00100647
0.00100238
0.000998444
0.000994451
0.000991266
0.000988085
0.00098484
0.000981532
0.000978163
0.000974735
0.000971248
0.000967705
0.000964107
0.000960455
0.000956751
0.000952996
0.000949191
0.0009456
0.000942703
0.000939749
0.000936739
0.000933675
0.000930559
0.000927391
0.000924173
0.000920906
0.000917591
0.000914229
0.000910822
0.000907371
0.000903877
0.000900488
0.00089779
0.000895043
0.000892248
0.000889406
0.000886518
0.000883586
0.00088061
0.000877591
0.000874531
0.00087143
0.000868289
0.00086511
0.000861894
0.000858676
0.00085616
0.000853602
0.000851002
0.000848361
0.00084568
0.00084296
0.000840202
0.000837407
0.000834575
0.000831708
0.000828807
0.000825872
0.000822904
0.000819904
0.000817492
0.000815105
0.000812681
0.000810222
0.000807728
0.0008052
0.000802639
0.000800045
0.000797419
0.000794762
0.000792075
0.000789359
0.000786613
0.00078384
0.0007815
0.000779269
0.000777005
0.000774711
0.000772385
0.00077003
0.000767646
0.000765233
0.000762793
0.000760325
0.00075783
0.00075531
0.000752764
0.000750194
0.000747935
0.000745845
0.000743726
0.00074158
0.000739407
0.000737208
0.000734984
0.000732734
0.00073046
0.000728162
0.00072584
0.000723496
0.000721129
0.000718741
0.000716573
0.00071461
0.000712623
0.000710611
0.000708576
0.000706518
0.000704438
0.000702335
0.00070021
0.000698065
0.000695899
0.000693713
0.000691507
0.000689282
0.000687292
0.000685409
0.000683505
0.00068161
0.000679699
0.000677768
0.000675817
0.000673847
0.000671858
0.00066985
0.000667824
0.00066578
0.000663719
0.000661769
0.000660041
0.000658294
0.000656527
0.000654742
0.000652939
0.000651117
0.000649278
0.000647422
0.000645549
0.00064366
0.000641755
0.000639834
0.000637897
0.000636065
0.000634456
0.000632829
0.000631184
0.000629524
0.000627847
0.000626154
0.000624445
0.000622721
0.000620981
0.000619227
0.000617459
0.000615677
0.00061388
0.000612071
0.000610398
0.000608878
0.000607342
0.000605792
0.000604227
0.000602648
0.000601055
0.000599448
0.000597828
0.000596194
0.000594547
0.000592888
0.000591217
0.000589533
0.000587838
0.000586316
0.000584878
0.000583426
0.000581961
0.000580484
0.000578993
0.000577491
0.000575976
0.00057445
0.000572912
0.000571363
0.000569803
0.000568232
0.00056665
0.000565058
0.00056368
0.000562316
0.00056094
0.000559553
0.000558155
0.000556746
0.000555326
0.000553895
0.000552454
0.000551003
0.000549542
0.000548071
0.000546591
0.000545101
0.000543646
0.00054236
0.000541065
0.000539759
0.000538443
0.000537117
0.000535782
0.000534437
0.000533083
0.000531719
0.000530347
0.000528966
0.000527577
0.000526179
0.000524773
0.000523468
0.000522244
0.000521011
0.000519769
0.000518518
0.000517258
0.000515991
0.000514714
0.00051343
0.000512137
0.000510837
0.000509529
0.000508214
0.000506952
0.000505805
0.000504649
0.000503486
0.000502315
0.000501135
0.000499949
0.000498754
0.000497553
0.000496344
0.000495128
0.000493905
0.000492676
0.000491439
0.000490209
0.000489131
0.000488046
0.000486954
0.000485854
0.000484748
0.000483634
0.000482514
0.000481387
0.000480254
0.000479114
0.000477967
0.000476815
0.000475657
0.000474492
0.000473322
0.000472259
0.000471231
0.000470195
0.000469154
0.000468106
0.000467051
0.000465991
0.000464925
0.000463853
0.000462776
0.000461692
0.000460604
0.00045951
0.00045841
0.000457306
0.000456259
0.000455281
0.000454298
0.000453308
0.000452314
0.000451313
0.000450308
0.000449297
0.000448281
0.00044726
0.000446233
0.000445203
0.000444167
0.000443127
0.000442082
0.00044106
0.000440129
0.000439192
0.000438251
0.000437305
0.000436353
0.000435397
0.000434437
0.000433472
0.000432502
0.000431528
0.00043055
0.000429567
0.00042858
0.00042759
0.000426599
0.00042571
0.000424817
0.00042392
0.000423018
0.000422111
0.000421201
0.000420286
0.000419368
0.000418445
0.000417519
0.000416588
0.000415659
0.000414825
0.000413988
0.000413146
0.000412301
0.000411451
0.000410598
0.00040974
0.000408879
0.000408015
0.000407147
0.000406275
0.0004054
0.000404521
0.000403639
0.000402754
0.000401939
0.000401143
0.000400344
0.000399541
0.000398735
0.000397925
0.000397112
0.000396295
0.000395475
0.000394652
0.000393826
0.000392997
0.000392164
0.000391329
0.000390491
0.00038965
0.000388882
0.000388121
0.000387357
0.00038659
0.00038582
0.000385047
0.000384271
0.000383492
0.00038271
0.000381925
0.000381137
0.000380347
0.000379554
0.000378759
0.00037796
0.000377161
0.000376436
0.000375708
0.000374977
0.000374243
0.000373507
0.000372768
0.000372026
0.000371281
0.000370534
0.000369785
0.000369033
0.000368279
0.000367523
0.000366764
0.000366003
0.000365251
0.000364556
0.000363858
0.000363158
0.000362455
0.00036175
0.000361042
0.000360332
0.00035962
0.000358906
0.00035819
0.000357471
0.00035675
0.000356083
0.000355422
0.00035476
0.000354095
0.000353428
0.000352759
0.000352087
0.000351414
0.000350738
0.000350061
0.000349381
0.0003487
0.000348017
0.000347332
0.000346681
0.000346055
0.000345426
0.000344796
0.000344163
0.000343528
0.000342892
0.000342253
0.000341613
0.00034097
0.000340326
0.00033968
0.000339033
0.000338384
0.000337733
0.00033708
0.000336427
0.000335828
0.000335226
0.000334623
0.000334018
0.000333411
0.000332803
0.000332193
0.000331581
0.000330967
0.000330352
0.000329736
0.000329118
0.000328498
0.000327877
0.000327255
0.000326631
0.000326027
0.000325451
0.000324874
0.000324294
0.000323714
0.000323131
0.000322548
0.000321962
0.000321376
0.000320788
0.000320198
0.000319607
0.000319015
0.000318422
0.000317827
0.000317231
0.000316634
0.000316073
0.000315519
0.000314964
0.000314407
0.000313849
0.00031329
0.00031273
0.000312168
0.000311605
0.000311041
0.000310475
0.000309909
0.000309383
0.000308856
0.000308328
0.000307798
0.000307267
0.000306735
0.000306202
0.000305667
0.000305132
0.000304595
0.000304057
0.000303518
0.000302978
0.000302437
0.000301926
0.000301424
0.000300921
0.000300417
0.000299912
0.000299405
0.000298898
0.000298389
0.00029788
0.000297369
0.000296857
0.000296345
0.000295831
0.000295316
0.000294801
0.000294284
0.000293767
0.000293262
0.000292781
0.000292298
0.000291814
0.000291329
0.000290844
0.000290357
0.000289869
0.000289381
0.000288891
0.000288401
0.000287909
0.000287417
0.000286924
0.000286431
0.000285936
0.000285441
0.000284945
0.000284479
0.000284015
0.00028355
0.000283085
0.000282619
0.000282151
0.000281683
0.000281215
0.000280745
0.000280275
0.000279803
0.000279332
0.000278859
0.000278386
0.000277912
0.000277437
0.000276962
0.000276497
0.000276051
0.000275604
0.000275157
0.000274709
0.00027426
0.000273811
0.000273361
0.00027291
0.000272458
0.000272014
0.00027159
0.000271164
0.000270738
0.000270311
0.000269884
0.000269455
0.000269026
0.000268597
0.000268167
0.000267736
0.000267304
0.000266872
0.000266439
0.000266006
0.000265572
0.000265158
0.000264751
0.000264343
0.000263935
0.000263526
0.000263117
0.000262707
0.000262296
0.000261885
0.000261473
0.00026106
0.000260647
0.000260234
0.00025982
0.000259405
0.00025899
0.000258575
0.000258158
0.000257751
0.00025736
0.000256968
0.000256575
0.000256182
0.000255788
0.000255394
0.000254999
0.000254604
0.000254208
0.000253812
0.000253415
0.000253018
0.00025262
0.000252222
0.000251824
0.000251425
0.000251025
0.000250626
0.000250246
0.000249869
0.000249491
0.000249113
0.000248734
0.000248355
0.000247975
0.000247595
0.000247214
0.000246834
0.000246452
0.000246071
0.000245688
0.000245306
0.000244923
0.00024454
0.000244157
0.000243773
0.000243393
0.00024303
0.000242666
0.000242302
0.000241937
0.000241573
0.000241207
0.000240854
0.000240507
0.000240161
0.000239813
0.000239466
0.000239118
0.000238769
0.00023842
0.000238071
0.000237721
0.000237371
0.000237021
0.00023667
0.000236319
0.000235968
0.000235616
0.000235264
0.000234912
0.000234559
0.000234225
0.000233891
0.000233557
0.000233223
0.000232888
0.000232553
0.000232217
0.000231882
0.000231546
0.000231209
0.000230873
0.000230536
0.000230198
0.000229861
0.000229523
0.000229185
0.000228847
0.000228508
0.000228169
0.000227838
0.000227516
0.000227195
0.000226873
0.00022655
0.000226228
0.000225905
0.000225582
0.000225258
0.000224934
0.00022461
0.000224286
0.000223962
0.000223637
0.000223312
0.000222987
0.000222662
0.000222336
0.00022201
0.000221684
0.00022137
0.00022106
0.000220749
0.000220439
0.000220128
0.000219817
0.000219506
0.000219194
0.000218883
0.000218571
0.000218259
0.000217947
0.000217634
0.000217321
0.000217009
0.000216696
0.000216397
0.000216097
0.000215797
0.000215497
0.000215197
0.000214896
0.000214595
0.000214295
0.000214
0.000213714
0.000213428
0.000213141
0.000212854
0.000212567
0.00021228
0.000211993
0.000211705
0.000211418
0.00021113
0.000210842
0.000210553
0.000210265
0.000209976
0.000209687
0.000209398
0.000209109
0.00020882
0.00020853
0.000208241
0.000207963
0.000207687
0.00020741
0.000207134
0.000206858
0.000206581
0.000206304
0.000206027
0.00020575
0.000205472
0.000205195
0.000204917
0.000204639
0.000204361
0.000204083
0.000203805
0.000203527
0.000203248
0.00020297
0.000202691
0.000202412
0.000202146
0.000201879
0.000201613
0.000201346
0.00020108
0.000200813
0.000200546
0.000200279
0.000200011
0.000199744
0.000199477
0.000199209
0.000198941
0.000198673
0.000198406
0.000198138
0.00019787
0.000197601
0.000197333
0.000197065
0.000196797
0.000196537
0.00019628
0.000196023
0.000195766
0.000195508
0.000195251
0.000194994
0.000194736
0.000194478
0.000194224
0.000193976
0.000193728
0.00019348
0.000193231
0.000192983
0.000192735
0.000192486
0.000192238
0.000191989
0.00019174
0.000191491
0.000191243
0.000190994
0.000190744
0.000190505
0.000190266
0.000190028
0.000189789
0.000189551
0.000189312
0.000189073
0.000188834
0.000188595
0.000188356
0.000188117
0.000187877
0.000187638
0.000187399
0.000187159
0.00018692
0.00018668
0.00018644
0.0001862
0.000185961
0.000185721
0.000185481
0.000185248
0.000185018
0.000184788
0.000184558
0.000184328
0.000184097
0.000183867
0.000183636
0.000183406
0.000183175
0.000182945
0.000182714
0.000182483
0.000182252
0.000182021
0.00018179
0.00018156
0.000181329
0.000181098
0.000180866
0.000180635
0.000180404
0.000180175
0.000179953
0.000179731
0.000179509
0.000179287
0.000179065
0.000178842
0.00017862
0.000178398
0.000178175
0.000177953
0.00017773
0.000177508
0.000177285
0.000177063
0.00017684
0.000176618
0.000176395
0.000176172
0.00017595
0.000175727
0.000175504
0.000175285
0.000175073
0.000174866
0.000174659
0.000174452
0.000174245
0.000174038
0.000173831
0.000173623
0.000173416
0.000173209
0.000173001
0.000172794
0.000172587
0.000172379
0.000172172
0.000171964
0.000171757
0.000171549
0.000171341
0.000171134
0.000170926
0.000170718
0.000170511
0.000170303
0.000170102
0.000169903
0.000169703
0.000169503
0.000169303
0.000169103
0.000168903
0.000168703
0.000168503
0.000168303
0.000168103
0.000167903
0.000167703
0.000167503
0.000167303
0.000167102
0.000166902
0.000166702
0.000166502
0.000166302
0.000166102
0.000165902
0.000165701
0.000165501
0.000165308
0.000165115
0.000164922
0.000164729
0.000164536
0.000164343
0.00016415
0.000163957
0.000163764
0.000163571
0.000163378
0.000163185
0.000162992
0.000162799
0.000162607
0.000162414
0.000162221
0.000162028
0.000161835
0.000161642
0.000161449
0.000161256
0.000161063
0.00016087
0.000160681
0.000160494
0.000160308
0.000160122
0.000159936
0.00015975
0.000159564
0.000159377
0.000159191
0.000159005
0.000158824
0.000158644
0.000158463
0.000158282
0.000158102
0.000157921
0.00015774
0.00015756
0.000157379
0.000157198
0.000157017
0.000156837
0.000156657
0.000156483
0.000156309
0.000156134
0.00015596
0.000155786
0.000155611
0.000155437
0.000155262
0.000155088
0.000154914
0.000154739
0.000154565
0.000154391
0.000154216
0.000154042
0.000153868
0.000153693
0.000153519
0.000153345
0.000153171
0.000152996
0.000152822
0.000152648
0.000152474
0.0001523
0.00015213
0.000151961
0.000151793
0.000151625
0.000151456
0.000151288
0.00015112
0.000150952
0.000150783
0.000150615
0.000150447
0.000150279
0.00015011
0.000149942
0.000149774
0.000149606
0.000149438
0.00014927
0.000149102
0.000148934
0.000148766
0.000148598
0.00014843
0.000148262
0.000148094
0.000147927
0.000147762
0.000147599
0.000147437
0.000147275
0.000147112
0.00014695
0.000146788
0.000146625
0.000146463
0.000146301
0.000146138
0.000145976
0.000145814
0.000145652
0.00014549
0.000145328
0.000145166
0.000145004
0.000144842
0.00014468
0.000144518
0.000144356
0.000144199
0.000144046
0.000143894
0.000143741
0.000143588
0.000143436
0.000143283
0.00014313
0.000142978
0.000142825
0.000142673
0.00014252
0.000142368
0.000142215
0.000142063
0.00014191
0.000141758
0.000141605
0.000141453
0.0001413
0.000141148
0.000140996
0.000140844
0.000140691
0.000140539
0.000140387
0.000140236
0.000140089
0.000139941
0.000139794
0.000139646
0.000139499
0.000139352
0.000139204
0.000139057
0.00013891
0.000138763
0.000138615
0.000138468
0.000138321
0.000138174
0.000138027
0.00013788
0.000137733
0.000137586
0.000137439
0.000137292
0.000137145
0.000136998
0.000136852
0.000136705
0.000136558
0.000136411
0.000136265
0.00013612
0.000135978
0.000135835
0.000135693
0.000135551
0.000135409
0.000135267
0.000135125
0.000134983
0.000134841
0.000134699
0.000134557
0.000134415
0.000134273
0.000134131
0.000133989
0.000133848
0.000133706
0.000133564
0.000133423
0.000133281
0.00013314
0.000132998
0.000132857
0.000132715
0.000132574
0.000132433
0.000132292
0.00013215
0.000132016
0.000131882
0.000131748
0.000131614
0.00013148
0.000131346
0.000131212
0.000131078
0.000130944
0.000130811
0.000130677
0.000130543
0.000130409
0.000130276
0.000130142
0.000130008
0.000129875
0.000129741
0.000129608
0.000129474
0.000129343
0.000129213
0.000129084
0.000128954
0.000128825
0.000128695
0.000128566
0.000128436
0.000128307
0.000128178
0.000128048
0.000127919
0.00012779
0.000127661
0.000127531
0.000127402
0.000127273
0.000127144
0.000127015
0.000126886
0.000126757
0.000126628
0.0001265
0.000126371
0.000126242
0.000126113
0.000125985
0.000125856
0.000125728
0.000125599
0.000125473
0.000125348
0.000125223
0.000125098
0.000124973
0.000124848
0.000124723
0.000124599
0.000124474
0.000124349
0.000124225
0.0001241
0.000123975
0.000123851
0.000123727
0.000123602
0.000123478
0.000123353
0.000123229
0.000123105
0.000122981
0.000122857
0.000122732
0.000122608
0.000122484
0.00012236
0.000122237
0.000122113
0.000121989
0.000121865
0.000121741
0.000121621
0.0001215
0.00012138
0.00012126
0.000121139
0.000121019
0.000120899
0.000120779
0.000120658
0.000120538
0.000120418
0.0001203
0.000120182
0.000120065
0.000119947
0.00011983
0.000119712
0.000119595
0.000119478
0.000119364
0.000119249
0.000119135
0.000119021
0.000118907
0.000118793
0.000118679
0.000118565
0.000118451
0.000118337
0.000118223
0.000118109
0.000117996
0.000117882
0.000117768
0.000117654
0.000117541
0.000117427
0.000117314
0.0001172
0.000117087
0.000116973
0.00011686
0.000116746
0.000116633
0.00011652
0.000116407
0.000116293
0.00011618
0.000116067
0.000115954
0.000115842
0.000115732
0.000115622
0.000115512
0.000115402
0.000115292
0.000115182
0.000115072
0.000114962
0.000114852
0.000114742
0.000114633
0.000114523
0.000114413
0.000114304
0.000114194
0.000114085
0.000113975
0.000113866
0.000113757
0.000113647
0.000113538
0.000113429
0.00011332
0.00011321
0.000113101
0.000112992
0.000112883
0.000112774
0.000112666
0.000112557
0.000112448
0.000112339
0.000112231
0.000112125
0.000112019
0.000111913
0.000111807
0.000111701
0.000111595
0.00011149
0.000111384
0.000111278
0.000111173
0.000111067
0.000110961
0.000110856
0.00011075
0.000110645
0.00011054
0.000110434
0.000110329
0.000110224
0.000110119
0.000110017
0.000109916
0.000109815
0.000109715
0.000109614
0.000109513
0.000109413
0.000109312
0.000109212
0.000109111
0.000109011
0.00010891
0.00010881
0.000108709
0.000108609
0.000108509
0.000108409
0.000108309
0.000108208
0.000108108
0.000108008
0.000107908
0.000107808
0.000107708
0.000107608
0.000107509
0.000107409
0.000107309
0.000107209
0.00010711
0.00010701
0.000106912
0.000106815
0.000106718
0.000106621
0.000106524
0.000106427
0.00010633
0.000106233
0.000106136
0.000106039
0.000105942
0.000105845
0.000105749
0.000105652
0.000105555
0.000105458
0.000105362
0.000105265
0.000105169
0.000105072
0.000104976
0.00010488
0.000104783
0.000104687
0.000104591
0.000104495
0.000104398
0.000104302
0.000104206
0.00010411
0.000104014
0.000103918
0.000103823
0.000103727
0.000103631
0.000103536
0.000103443
0.000103349
0.000103256
0.000103162
0.000103069
0.000102976
0.000102882
0.000102789
0.000102696
0.000102603
0.000102509
0.000102416
0.000102323
0.00010223
0.000102137
0.000102045
0.000101952
0.000101859
0.000101766
0.000101673
0.000101581
0.000101488
0.000101396
0.000101303
0.000101211
0.000101122
0.000101033
0.000100944
0.000100855
0.000100766
0.000100677
0.000100588
0.000100499
0.000100411
0.000100322
0.000100233
0.000100145
0.000100056
9.99677e-05
9.98792e-05
9.97908e-05
9.97024e-05
9.96141e-05
9.95257e-05
9.94375e-05
9.93493e-05
9.92611e-05
9.91729e-05
9.90848e-05
9.89968e-05
9.89088e-05
9.88214e-05
9.87354e-05
9.86494e-05
9.85634e-05
9.84775e-05
9.83916e-05
9.83058e-05
9.822e-05
9.81342e-05
9.80485e-05
9.79628e-05
9.78771e-05
9.77915e-05
9.7706e-05
9.76205e-05
9.7535e-05
9.74495e-05
9.73642e-05
9.72788e-05
9.71935e-05
9.71082e-05
9.7023e-05
9.69378e-05
9.68527e-05
9.67676e-05
9.66825e-05
9.65975e-05
9.65126e-05
9.64276e-05
9.63428e-05
9.62579e-05
9.61731e-05
9.60884e-05
9.60037e-05
9.5919e-05
9.58344e-05
9.57499e-05
9.56653e-05
9.55816e-05
9.54989e-05
9.54162e-05
9.53336e-05
9.5251e-05
9.51684e-05
9.50859e-05
9.50035e-05
9.49211e-05
9.48387e-05
9.47563e-05
9.4674e-05
9.45918e-05
9.45096e-05
9.44274e-05
9.43453e-05
9.42632e-05
9.41812e-05
9.40992e-05
9.40172e-05
9.39353e-05
9.38535e-05
9.37717e-05
9.36899e-05
9.36082e-05
9.35265e-05
9.34448e-05
9.33632e-05
9.32817e-05
9.32002e-05
9.31187e-05
9.30399e-05
9.29612e-05
9.28826e-05
9.2804e-05
9.27255e-05
9.2647e-05
9.25685e-05
9.249e-05
9.24116e-05
9.23333e-05
9.2255e-05
9.21767e-05
9.20985e-05
9.20203e-05
9.19421e-05
9.1864e-05
9.17859e-05
9.17079e-05
9.16299e-05
9.15519e-05
9.1474e-05
9.13961e-05
9.13191e-05
9.12429e-05
9.11666e-05
9.10905e-05
9.10143e-05
9.09382e-05
9.08622e-05
9.07861e-05
9.07101e-05
9.06342e-05
9.05583e-05
9.04824e-05
9.04066e-05
9.03308e-05
9.0255e-05
9.01793e-05
9.01036e-05
9.0028e-05
8.99524e-05
8.98768e-05
8.98013e-05
8.97258e-05
8.96504e-05
8.9575e-05
8.94996e-05
8.94243e-05
8.9349e-05
8.92738e-05
8.91986e-05
8.91234e-05
8.90483e-05
8.89732e-05
8.88982e-05
8.88232e-05
8.87483e-05
8.86733e-05
8.85985e-05
8.85236e-05
8.84489e-05
8.83741e-05
8.82994e-05
8.8226e-05
8.81528e-05
8.80796e-05
8.80065e-05
8.79334e-05
8.78603e-05
8.77873e-05
8.77143e-05
8.76414e-05
8.75685e-05
8.74956e-05
8.74228e-05
8.735e-05
8.72773e-05
8.72046e-05
8.71319e-05
8.70593e-05
8.69867e-05
8.69142e-05
8.68417e-05
8.67692e-05
8.66968e-05
8.66245e-05
8.65521e-05
8.64798e-05
8.64076e-05
8.63354e-05
8.62632e-05
8.61911e-05
8.6119e-05
8.60469e-05
8.59749e-05
8.5903e-05
8.58311e-05
8.57592e-05
8.56886e-05
8.5619e-05
8.55494e-05
8.54798e-05
8.54103e-05
8.53408e-05
8.52714e-05
8.5202e-05
8.51326e-05
8.50633e-05
8.4994e-05
8.49247e-05
8.48555e-05
8.47863e-05
8.47172e-05
8.46481e-05
8.4579e-05
8.451e-05
8.44413e-05
8.43736e-05
8.4306e-05
8.42384e-05
8.41708e-05
8.41032e-05
8.40357e-05
8.39682e-05
8.39008e-05
8.38334e-05
8.3766e-05
8.36987e-05
8.36314e-05
8.35641e-05
8.34969e-05
8.34297e-05
8.33626e-05
8.32955e-05
8.32284e-05
8.31613e-05
8.30943e-05
8.30274e-05
8.29604e-05
8.28935e-05
8.28267e-05
8.27598e-05
8.26931e-05
8.26263e-05
8.25596e-05
8.24929e-05
8.24263e-05
8.23597e-05
8.22931e-05
8.22266e-05
8.21601e-05
8.20937e-05
8.20273e-05
8.19609e-05
8.18946e-05
8.18283e-05
8.1762e-05
8.16958e-05
8.16296e-05
8.15635e-05
8.14981e-05
8.14332e-05
8.13683e-05
8.13035e-05
8.12387e-05
8.11739e-05
8.11092e-05
8.10445e-05
8.09799e-05
8.09153e-05
8.08507e-05
8.07861e-05
8.07216e-05
8.06571e-05
8.05927e-05
8.05283e-05
8.0464e-05
8.03996e-05
8.03353e-05
8.02711e-05
8.02069e-05
8.01427e-05
8.00786e-05
8.00145e-05
7.99504e-05
7.98864e-05
7.98224e-05
7.97584e-05
7.96945e-05
7.96306e-05
7.95668e-05
7.9503e-05
7.94392e-05
7.93755e-05
7.93118e-05
7.92482e-05
7.91846e-05
7.9121e-05
7.90575e-05
7.8994e-05
7.89322e-05
7.88705e-05
7.88089e-05
7.87473e-05
7.86857e-05
7.86242e-05
7.85627e-05
7.85012e-05
7.84398e-05
7.83784e-05
7.8317e-05
7.82557e-05
7.81944e-05
7.81331e-05
7.80723e-05
7.80121e-05
7.7952e-05
7.78919e-05
7.78319e-05
7.77719e-05
7.77119e-05
7.76519e-05
7.7592e-05
7.75321e-05
7.74723e-05
7.74125e-05
7.73527e-05
7.72929e-05
7.72332e-05
7.71735e-05
7.71139e-05
7.70543e-05
7.69947e-05
7.69351e-05
7.68756e-05
7.68161e-05
7.67567e-05
7.66973e-05
7.66379e-05
7.65785e-05
7.65192e-05
7.64599e-05
7.64007e-05
7.63415e-05
7.62823e-05
7.62231e-05
7.6164e-05
7.6105e-05
7.60459e-05
7.59869e-05
7.59279e-05
7.5869e-05
7.58101e-05
7.57512e-05
7.56924e-05
7.56336e-05
7.55748e-05
7.55161e-05
7.54574e-05
7.53987e-05
7.53401e-05
7.5282e-05
7.52244e-05
7.51669e-05
7.51093e-05
7.50518e-05
7.49944e-05
7.49369e-05
7.48795e-05
7.48222e-05
7.47648e-05
7.47075e-05
7.46502e-05
7.4593e-05
7.45358e-05
7.44786e-05
7.44215e-05
7.43644e-05
7.43073e-05
7.42503e-05
7.41933e-05
7.41363e-05
7.40794e-05
7.40225e-05
7.39656e-05
7.39088e-05
7.3852e-05
7.37952e-05
7.37385e-05
7.36818e-05
7.36251e-05
7.35685e-05
7.35119e-05
7.34553e-05
7.33988e-05
7.33423e-05
7.32858e-05
7.32294e-05
7.3173e-05
7.31167e-05
7.30604e-05
7.30041e-05
7.29478e-05
7.28916e-05
7.28356e-05
7.27809e-05
7.27262e-05
7.26715e-05
7.26169e-05
7.25622e-05
7.25077e-05
7.24531e-05
7.23986e-05
7.23441e-05
7.22897e-05
7.22353e-05
7.21815e-05
7.2128e-05
7.20745e-05
7.20211e-05
7.19677e-05
7.19143e-05
7.1861e-05
7.18077e-05
7.17544e-05
7.17011e-05
7.16479e-05
7.15947e-05
7.15416e-05
7.14884e-05
7.14353e-05
7.13823e-05
7.13292e-05
7.12762e-05
7.12232e-05
7.11703e-05
7.11174e-05
7.10645e-05
7.10116e-05
7.09588e-05
7.0906e-05
7.08532e-05
7.08005e-05
7.07478e-05
7.06951e-05
7.06425e-05
7.05899e-05
7.05373e-05
7.04848e-05
7.04322e-05
7.03797e-05
7.03273e-05
7.02749e-05
7.02225e-05
7.01701e-05
7.01178e-05
7.00655e-05
7.00132e-05
6.9961e-05
6.99088e-05
6.98566e-05
6.98044e-05
6.97523e-05
6.97003e-05
6.96482e-05
6.95962e-05
6.95446e-05
6.94935e-05
6.94423e-05
6.93912e-05
6.93401e-05
6.92891e-05
6.92381e-05
6.91871e-05
6.91361e-05
6.90852e-05
6.90343e-05
6.89834e-05
6.89326e-05
6.88818e-05
6.8831e-05
6.87803e-05
6.87296e-05
6.86789e-05
6.86282e-05
6.85776e-05
6.8527e-05
6.84765e-05
6.84259e-05
6.83754e-05
6.83249e-05
6.82745e-05
6.82241e-05
6.81737e-05
6.81234e-05
6.8073e-05
6.80228e-05
6.79725e-05
6.79223e-05
6.78721e-05
6.78219e-05
6.77718e-05
6.77217e-05
6.76716e-05
6.76216e-05
6.75715e-05
6.75216e-05
6.74716e-05
6.74217e-05
6.73718e-05
6.7322e-05
6.72721e-05
6.72225e-05
6.71739e-05
6.71253e-05
6.70768e-05
6.70283e-05
6.69798e-05
6.69313e-05
6.68828e-05
6.68344e-05
6.67861e-05
6.67385e-05
6.66909e-05
6.66433e-05
6.65957e-05
6.65482e-05
6.65007e-05
6.64532e-05
6.64058e-05
6.63584e-05
6.6311e-05
6.62636e-05
6.62163e-05
6.6169e-05
6.61217e-05
6.60744e-05
6.60272e-05
6.598e-05
6.59328e-05
6.58857e-05
6.58386e-05
6.57915e-05
6.57444e-05
6.56974e-05
6.56504e-05
6.56034e-05
6.55564e-05
6.55095e-05
6.54626e-05
6.54157e-05
6.53689e-05
6.53221e-05
6.52753e-05
6.52285e-05
6.51818e-05
6.51351e-05
6.50884e-05
6.50418e-05
6.49951e-05
6.49486e-05
6.4902e-05
6.48555e-05
6.48089e-05
6.47625e-05
6.4716e-05
6.46696e-05
6.46232e-05
6.45768e-05
6.45305e-05
6.44842e-05
6.44379e-05
6.43916e-05
6.43454e-05
6.42992e-05
6.42533e-05
6.42078e-05
6.41624e-05
6.41169e-05
6.40715e-05
6.40261e-05
6.39808e-05
6.39355e-05
6.38902e-05
6.38449e-05
6.37996e-05
6.37544e-05
6.37092e-05
6.36641e-05
6.36189e-05
6.35738e-05
6.35287e-05
6.34837e-05
6.34387e-05
6.33937e-05
6.33487e-05
6.33037e-05
6.32588e-05
6.32139e-05
6.31691e-05
6.31242e-05
6.30794e-05
6.30346e-05
6.29899e-05
6.29452e-05
6.29005e-05
6.28558e-05
6.28111e-05
6.27665e-05
6.27219e-05
6.26774e-05
6.26328e-05
6.25883e-05
6.25438e-05
6.24994e-05
6.2455e-05
6.24106e-05
6.23662e-05
6.23219e-05
6.22775e-05
6.22333e-05
6.2189e-05
6.21448e-05
6.21007e-05
6.20575e-05
6.20143e-05
6.19711e-05
6.19279e-05
6.18848e-05
6.18417e-05
6.17986e-05
6.17559e-05
6.17135e-05
6.1671e-05
6.16287e-05
6.15863e-05
6.1544e-05
6.15017e-05
6.14594e-05
6.14171e-05
6.13749e-05
6.13327e-05
6.12905e-05
6.12483e-05
6.12062e-05
6.11641e-05
6.1122e-05
6.10799e-05
6.10379e-05
6.09958e-05
6.09538e-05
6.09119e-05
6.08699e-05
6.0828e-05
6.07861e-05
6.07443e-05
6.07024e-05
6.06606e-05
6.06188e-05
6.0577e-05
6.05353e-05
6.04936e-05
6.04519e-05
6.04102e-05
6.03686e-05
6.03269e-05
6.02853e-05
6.02438e-05
6.02022e-05
6.01607e-05
6.01192e-05
6.00777e-05
6.00363e-05
5.99949e-05
5.99535e-05
5.99121e-05
5.98708e-05
5.98295e-05
5.97882e-05
5.97469e-05
5.97056e-05
5.96644e-05
5.96232e-05
5.95821e-05
5.95409e-05
5.94998e-05
5.94587e-05
5.94176e-05
5.93766e-05
5.93362e-05
5.92957e-05
5.92553e-05
5.92149e-05
5.91745e-05
5.91342e-05
5.90938e-05
5.90535e-05
5.90132e-05
5.8973e-05
5.89328e-05
5.88925e-05
5.88524e-05
5.88122e-05
5.87721e-05
5.8732e-05
5.86919e-05
5.86518e-05
5.86118e-05
5.85717e-05
5.85318e-05
5.84918e-05
5.84519e-05
5.84119e-05
5.8372e-05
5.83322e-05
5.82923e-05
5.82525e-05
5.82127e-05
5.81729e-05
5.81332e-05
5.80935e-05
5.80538e-05
5.80141e-05
5.79745e-05
5.79348e-05
5.78952e-05
5.78556e-05
5.78161e-05
5.77766e-05
5.77371e-05
5.76976e-05
5.76581e-05
5.76187e-05
5.75793e-05
5.75399e-05
5.75006e-05
5.74612e-05
5.74222e-05
5.73837e-05
5.73452e-05
5.73067e-05
5.72683e-05
5.72299e-05
5.71915e-05
5.71531e-05
5.71152e-05
5.70774e-05
5.70396e-05
5.70018e-05
5.6964e-05
5.69263e-05
5.68886e-05
5.68509e-05
5.68132e-05
5.67755e-05
5.67379e-05
5.67003e-05
5.66627e-05
5.66252e-05
5.65876e-05
5.65501e-05
5.65126e-05
5.64751e-05
5.64377e-05
5.64002e-05
5.63628e-05
5.63254e-05
5.62881e-05
5.62507e-05
5.62134e-05
5.61761e-05
5.61388e-05
5.61016e-05
5.60643e-05
5.60271e-05
5.59899e-05
5.59528e-05
5.59156e-05
5.58785e-05
5.58414e-05
5.58043e-05
5.57673e-05
5.57302e-05
5.56932e-05
5.56562e-05
5.56193e-05
5.55823e-05
5.55454e-05
5.55085e-05
5.54716e-05
5.54348e-05
5.53979e-05
5.53611e-05
5.53243e-05
5.52876e-05
5.52508e-05
5.52141e-05
5.51774e-05
5.51407e-05
5.51041e-05
5.50674e-05
5.50308e-05
5.49943e-05
5.49577e-05
5.49211e-05
5.48846e-05
5.48483e-05
5.48123e-05
5.47763e-05
5.47403e-05
5.47044e-05
5.46685e-05
5.46325e-05
5.45966e-05
5.45608e-05
5.45249e-05
5.44891e-05
5.44533e-05
5.44175e-05
5.43817e-05
5.4346e-05
5.43103e-05
5.42746e-05
5.42389e-05
5.42032e-05
5.41676e-05
5.4132e-05
5.40964e-05
5.40608e-05
5.40253e-05
5.39897e-05
5.39542e-05
5.39188e-05
5.38833e-05
5.38479e-05
5.38124e-05
5.3777e-05
5.37417e-05
5.37063e-05
5.3671e-05
5.36357e-05
5.36004e-05
5.35651e-05
5.35299e-05
5.34946e-05
5.34594e-05
5.34242e-05
5.33891e-05
5.33539e-05
5.33188e-05
5.32837e-05
5.32487e-05
5.32136e-05
5.31786e-05
5.3144e-05
5.31097e-05
5.30753e-05
5.3041e-05
5.30068e-05
5.29725e-05
5.29382e-05
5.2904e-05
5.28699e-05
5.28361e-05
5.28023e-05
5.27686e-05
5.27349e-05
5.27012e-05
5.26676e-05
5.26339e-05
5.26003e-05
5.25667e-05
5.25331e-05
5.24995e-05
5.24659e-05
5.24324e-05
5.23989e-05
5.23654e-05
5.23319e-05
5.22985e-05
5.2265e-05
5.22316e-05
5.21982e-05
5.21648e-05
5.21315e-05
5.20982e-05
5.20648e-05
5.20315e-05
5.19983e-05
5.1965e-05
5.19318e-05
5.18985e-05
5.18653e-05
5.18322e-05
5.1799e-05
5.17659e-05
5.17327e-05
5.16996e-05
5.16666e-05
5.16335e-05
5.16005e-05
5.15674e-05
5.15344e-05
5.15015e-05
5.14685e-05
5.14356e-05
5.14026e-05
5.13697e-05
5.13368e-05
5.1304e-05
5.12711e-05
5.12383e-05
5.12055e-05
5.11727e-05
5.114e-05
5.11072e-05
5.10745e-05
5.10418e-05
5.10091e-05
5.09764e-05
5.09438e-05
5.09112e-05
5.08786e-05
5.0846e-05
5.08134e-05
5.07809e-05
5.07483e-05
5.07158e-05
5.06835e-05
5.06515e-05
5.06194e-05
5.05873e-05
5.05553e-05
5.05233e-05
5.04913e-05
5.04593e-05
5.04274e-05
5.03954e-05
5.03635e-05
5.03316e-05
5.02997e-05
5.02679e-05
5.0236e-05
5.02042e-05
5.01724e-05
5.01406e-05
5.01088e-05
5.00771e-05
5.00454e-05
5.00137e-05
4.9982e-05
4.99503e-05
4.99187e-05
4.9887e-05
4.98554e-05
4.98238e-05
4.97922e-05
4.97607e-05
4.97292e-05
4.96976e-05
4.96661e-05
4.96347e-05
4.96032e-05
4.95718e-05
4.95403e-05
4.95089e-05
4.94775e-05
4.94462e-05
4.94148e-05
4.93835e-05
4.93522e-05
4.93209e-05
4.92897e-05
4.92587e-05
4.9228e-05
4.91973e-05
4.91666e-05
4.9136e-05
4.91053e-05
4.90747e-05
4.90441e-05
4.90136e-05
4.8983e-05
4.89525e-05
4.8922e-05
4.88919e-05
4.88617e-05
4.88316e-05
4.88015e-05
4.87714e-05
4.87414e-05
4.87113e-05
4.86813e-05
4.86513e-05
4.86213e-05
4.85913e-05
4.85613e-05
4.85314e-05
4.85015e-05
4.84716e-05
4.84417e-05
4.84118e-05
4.83819e-05
4.83521e-05
4.83223e-05
4.82925e-05
4.82627e-05
4.82329e-05
4.82032e-05
4.81734e-05
4.81437e-05
4.8114e-05
4.80843e-05
4.80547e-05
4.8025e-05
4.79954e-05
4.79658e-05
4.79362e-05
4.79066e-05
4.78771e-05
4.78475e-05
4.7818e-05
4.77885e-05
4.7759e-05
4.77295e-05
4.77001e-05
4.76706e-05
4.76412e-05
4.76118e-05
4.75824e-05
4.75531e-05
4.75237e-05
4.74944e-05
4.74651e-05
4.74358e-05
4.74065e-05
4.73772e-05
4.7348e-05
4.73187e-05
4.72895e-05
4.72603e-05
4.72312e-05
4.7202e-05
4.71729e-05
4.71437e-05
4.71146e-05
4.70855e-05
4.70565e-05
4.70274e-05
4.69984e-05
4.69694e-05
4.69404e-05
4.69114e-05
4.68824e-05
4.68536e-05
4.68249e-05
4.67963e-05
4.67678e-05
4.67392e-05
4.67107e-05
4.66821e-05
4.66536e-05
4.66251e-05
4.65966e-05
4.65682e-05
4.65397e-05
4.65113e-05
4.64829e-05
4.64545e-05
4.64261e-05
4.63978e-05
4.63694e-05
4.63411e-05
4.63128e-05
4.62845e-05
4.62562e-05
4.62279e-05
4.61997e-05
4.61715e-05
4.61433e-05
4.61151e-05
4.60869e-05
4.60587e-05
4.60306e-05
4.60025e-05
4.59744e-05
4.59463e-05
4.59182e-05
4.58901e-05
4.58621e-05
4.58341e-05
4.58061e-05
4.57781e-05
4.57501e-05
4.57222e-05
4.56946e-05
4.56671e-05
4.56396e-05
4.56122e-05
4.55848e-05
4.55573e-05
4.55299e-05
4.55026e-05
4.54752e-05
4.54478e-05
4.54205e-05
4.53932e-05
4.53659e-05
4.53386e-05
4.53113e-05
4.52841e-05
4.52571e-05
4.52302e-05
4.52033e-05
4.51764e-05
4.51495e-05
4.51226e-05
4.50957e-05
4.50689e-05
4.50421e-05
4.50153e-05
4.49885e-05
4.49617e-05
4.49349e-05
4.49082e-05
4.48815e-05
4.48547e-05
4.4828e-05
4.48014e-05
4.47747e-05
4.4748e-05
4.47214e-05
4.46948e-05
4.46682e-05
4.46416e-05
4.4615e-05
4.45884e-05
4.45619e-05
4.45353e-05
4.45088e-05
4.44823e-05
4.44558e-05
4.44294e-05
4.44029e-05
4.43765e-05
4.43501e-05
4.43237e-05
4.42973e-05
4.42709e-05
4.42445e-05
4.42182e-05
4.41918e-05
4.41655e-05
4.41392e-05
4.41129e-05
4.40867e-05
4.40604e-05
4.40342e-05
4.4008e-05
4.39818e-05
4.39556e-05
4.39294e-05
4.39032e-05
4.38771e-05
4.3851e-05
4.38248e-05
4.37987e-05
4.37727e-05
4.37466e-05
4.37205e-05
4.36945e-05
4.36685e-05
4.36425e-05
4.36165e-05
4.35905e-05
4.35645e-05
4.35386e-05
4.35127e-05
4.34867e-05
4.34609e-05
4.3435e-05
4.34091e-05
4.33832e-05
4.33574e-05
4.33316e-05
4.33059e-05
4.32804e-05
4.32549e-05
4.32294e-05
4.32039e-05
4.31784e-05
4.3153e-05
4.31275e-05
4.31021e-05
4.30767e-05
4.30513e-05
4.30259e-05
4.30006e-05
4.29752e-05
4.29499e-05
4.29246e-05
4.28993e-05
4.2874e-05
4.28487e-05
4.28234e-05
4.27982e-05
4.2773e-05
4.27478e-05
4.27226e-05
4.26974e-05
4.26722e-05
4.26471e-05
4.26219e-05
4.25968e-05
4.25717e-05
4.25466e-05
4.25215e-05
4.24964e-05
4.24714e-05
4.24467e-05
4.24221e-05
4.23974e-05
4.23728e-05
4.23482e-05
4.23236e-05
4.2299e-05
4.22745e-05
4.22499e-05
4.22254e-05
4.22008e-05
4.21763e-05
4.21518e-05
4.21274e-05
4.21029e-05
4.20784e-05
4.2054e-05
4.20296e-05
4.20052e-05
4.19808e-05
4.19564e-05
4.1932e-05
4.19078e-05
4.18837e-05
4.18596e-05
4.18355e-05
4.18115e-05
4.17874e-05
4.17634e-05
4.17394e-05
4.17154e-05
4.16914e-05
4.16674e-05
4.16435e-05
4.16195e-05
4.15956e-05
4.15717e-05
4.15478e-05
4.15239e-05
4.15e-05
4.14762e-05
4.14523e-05
4.14285e-05
4.14047e-05
4.13809e-05
4.13571e-05
4.13333e-05
4.13095e-05
4.12858e-05
4.1262e-05
4.12383e-05
4.12146e-05
4.11909e-05
4.11672e-05
4.11435e-05
4.11199e-05
4.10962e-05
4.10726e-05
4.1049e-05
4.10254e-05
4.10018e-05
4.09782e-05
4.09547e-05
4.09311e-05
4.09076e-05
4.0884e-05
4.08605e-05
4.0837e-05
4.08136e-05
4.07901e-05
4.07666e-05
4.07432e-05
4.07198e-05
4.06964e-05
4.0673e-05
4.06496e-05
4.06262e-05
4.06028e-05
4.05795e-05
4.05562e-05
4.05329e-05
4.05095e-05
4.04863e-05
4.0463e-05
4.04397e-05
4.04165e-05
4.03932e-05
4.037e-05
4.03468e-05
4.03236e-05
4.03004e-05
4.02773e-05
4.02541e-05
4.0231e-05
4.02078e-05
4.01847e-05
4.01616e-05
4.01385e-05
4.01155e-05
4.00924e-05
4.00693e-05
4.00463e-05
4.00235e-05
4.00008e-05
3.9978e-05
3.99552e-05
3.99325e-05
3.99097e-05
3.9887e-05
3.98643e-05
3.98416e-05
3.9819e-05
3.97963e-05
3.97736e-05
3.9751e-05
3.97284e-05
3.97057e-05
3.96831e-05
3.96606e-05
3.9638e-05
3.96154e-05
3.95929e-05
3.95703e-05
3.95478e-05
3.95253e-05
3.95028e-05
3.94806e-05
3.94585e-05
3.94363e-05
3.94142e-05
3.93921e-05
3.937e-05
3.93479e-05
3.93258e-05
3.93037e-05
3.92816e-05
3.92596e-05
3.92376e-05
3.92155e-05
3.91935e-05
3.91715e-05
3.91496e-05
3.91276e-05
3.91056e-05
3.90837e-05
3.90617e-05
3.90398e-05
3.90179e-05
3.8996e-05
3.89741e-05
3.89523e-05
3.89304e-05
3.89086e-05
3.88867e-05
3.88649e-05
3.88431e-05
3.88213e-05
3.87996e-05
3.8778e-05
3.87565e-05
3.8735e-05
3.87134e-05
3.86919e-05
3.86704e-05
3.86489e-05
3.86274e-05
3.8606e-05
3.85845e-05
3.85631e-05
3.85416e-05
3.85202e-05
3.84988e-05
3.84774e-05
3.8456e-05
3.84346e-05
3.84133e-05
3.83919e-05
3.83706e-05
3.83493e-05
3.83279e-05
3.83066e-05
3.82854e-05
3.82641e-05
3.82428e-05
3.82216e-05
3.82003e-05
3.81791e-05
3.81579e-05
3.81367e-05
3.81155e-05
3.80943e-05
3.80731e-05
3.8052e-05
3.80308e-05
3.80097e-05
3.79886e-05
3.79675e-05
3.79464e-05
3.79253e-05
3.79042e-05
3.78831e-05
3.78621e-05
3.78411e-05
3.782e-05
3.7799e-05
3.7778e-05
3.7757e-05
3.77361e-05
3.77151e-05
3.76941e-05
3.76732e-05
3.76523e-05
3.76313e-05
3.76104e-05
3.75896e-05
3.75687e-05
3.75478e-05
3.75269e-05
3.75061e-05
3.74853e-05
3.74644e-05
3.74436e-05
3.74228e-05
3.7402e-05
3.73813e-05
3.73605e-05
3.73398e-05
3.7319e-05
3.72983e-05
3.72776e-05
3.72569e-05
3.72362e-05
3.72155e-05
3.71948e-05
3.71742e-05
3.71535e-05
3.71329e-05
3.71123e-05
3.70917e-05
3.70711e-05
3.70505e-05
3.70299e-05
3.70096e-05
3.69892e-05
3.69688e-05
3.69485e-05
3.69282e-05
3.69079e-05
3.68876e-05
3.68673e-05
3.6847e-05
3.68267e-05
3.68064e-05
3.67862e-05
3.67662e-05
3.67462e-05
3.67263e-05
3.67064e-05
3.66864e-05
3.66665e-05
3.66466e-05
3.66267e-05
3.66068e-05
3.6587e-05
3.65671e-05
3.65472e-05
3.65274e-05
3.65076e-05
3.64878e-05
3.6468e-05
3.64482e-05
3.64284e-05
3.64086e-05
3.63888e-05
3.63691e-05
3.63493e-05
3.63296e-05
3.63099e-05
3.62902e-05
3.62705e-05
3.62508e-05
3.62311e-05
3.62115e-05
3.61918e-05
3.61722e-05
3.61525e-05
3.61329e-05
3.61133e-05
3.60937e-05
3.60741e-05
3.60546e-05
3.6035e-05
3.60154e-05
3.59959e-05
3.59764e-05
3.59568e-05
3.59373e-05
3.5918e-05
3.58987e-05
3.58794e-05
3.58601e-05
3.58408e-05
3.58215e-05
3.58023e-05
3.5783e-05
3.57638e-05
3.57446e-05
3.57253e-05
3.57061e-05
3.56869e-05
3.56677e-05
3.56486e-05
3.56294e-05
3.56102e-05
3.55911e-05
3.5572e-05
3.55528e-05
3.55337e-05
3.55146e-05
3.54955e-05
3.54764e-05
3.54574e-05
3.54383e-05
3.54193e-05
3.54002e-05
3.53812e-05
3.53622e-05
3.53432e-05
3.53242e-05
3.53052e-05
3.52862e-05
3.52672e-05
3.52483e-05
3.52293e-05
3.52104e-05
3.51915e-05
3.51726e-05
3.51537e-05
3.51348e-05
3.51159e-05
3.5097e-05
3.50782e-05
3.50593e-05
3.50405e-05
3.50217e-05
3.50028e-05
3.4984e-05
3.49652e-05
3.49464e-05
3.49277e-05
3.49089e-05
3.48902e-05
3.48714e-05
3.48527e-05
3.48339e-05
3.48152e-05
3.47965e-05
3.47778e-05
3.47592e-05
3.47405e-05
3.47218e-05
3.47032e-05
3.46845e-05
3.46659e-05
3.46473e-05
3.46287e-05
3.46101e-05
3.45915e-05
3.45729e-05
3.45544e-05
3.45358e-05
3.45173e-05
3.44987e-05
3.44802e-05
3.44617e-05
3.44432e-05
3.44247e-05
3.44062e-05
3.43877e-05
3.43693e-05
3.43508e-05
3.43324e-05
3.43139e-05
3.42955e-05
3.42771e-05
3.4259e-05
3.4241e-05
3.4223e-05
3.4205e-05
3.4187e-05
3.4169e-05
3.41511e-05
3.41331e-05
3.41152e-05
3.40972e-05
3.40793e-05
3.40614e-05
3.40435e-05
3.40256e-05
3.40077e-05
3.39899e-05
3.3972e-05
3.39541e-05
3.39363e-05
3.39185e-05
3.39006e-05
3.38828e-05
3.3865e-05
3.38472e-05
3.38294e-05
3.38117e-05
3.37939e-05
3.37761e-05
3.37584e-05
3.37407e-05
3.37229e-05
3.37052e-05
3.36875e-05
3.36698e-05
3.36521e-05
3.36344e-05
3.36168e-05
3.35991e-05
3.35815e-05
3.35638e-05
3.35462e-05
3.35286e-05
3.3511e-05
3.34934e-05
3.34758e-05
3.34582e-05
3.34406e-05
3.3423e-05
3.34055e-05
3.33879e-05
3.33704e-05
3.33529e-05
3.33354e-05
3.33179e-05
3.33004e-05
3.32829e-05
3.32655e-05
3.32482e-05
3.32309e-05
3.32136e-05
3.31963e-05
3.3179e-05
3.31617e-05
3.31444e-05
3.31272e-05
3.31099e-05
3.30927e-05
3.30755e-05
3.30582e-05
3.3041e-05
3.30238e-05
3.30067e-05
3.29895e-05
3.29723e-05
3.29551e-05
3.2938e-05
3.29208e-05
3.29037e-05
3.28866e-05
3.28695e-05
3.28524e-05
3.28353e-05
3.28182e-05
3.28011e-05
3.2784e-05
3.2767e-05
3.27499e-05
3.27329e-05
3.27158e-05
3.26988e-05
3.26818e-05
3.26648e-05
3.26478e-05
3.26308e-05
3.26138e-05
3.25969e-05
3.25799e-05
3.2563e-05
3.2546e-05
3.25291e-05
3.25122e-05
3.24953e-05
3.24784e-05
3.24615e-05
3.24446e-05
3.24277e-05
3.24108e-05
3.2394e-05
3.23771e-05
3.23603e-05
3.23435e-05
3.23266e-05
3.23098e-05
3.2293e-05
3.22762e-05
3.22595e-05
3.22427e-05
3.22259e-05
3.22092e-05
3.21924e-05
3.21757e-05
3.21589e-05
3.21422e-05
3.21255e-05
3.21088e-05
3.20921e-05
3.20754e-05
3.20588e-05
3.20421e-05
3.20255e-05
3.20088e-05
3.19922e-05
3.19755e-05
3.19589e-05
3.19423e-05
3.19257e-05
3.19091e-05
3.18925e-05
3.1876e-05
3.18595e-05
3.18432e-05
3.1827e-05
3.18108e-05
3.17946e-05
3.17784e-05
3.17622e-05
3.1746e-05
3.17299e-05
3.17137e-05
3.16975e-05
3.16814e-05
3.16653e-05
3.16491e-05
3.1633e-05
3.16169e-05
3.16008e-05
3.15847e-05
3.15686e-05
3.15525e-05
3.15365e-05
3.15204e-05
3.15044e-05
3.14883e-05
3.14723e-05
3.14563e-05
3.14402e-05
3.14242e-05
3.14082e-05
3.13922e-05
3.13762e-05
3.13603e-05
3.13443e-05
3.13283e-05
3.13124e-05
3.12965e-05
3.12805e-05
3.12646e-05
3.12487e-05
3.12328e-05
3.12169e-05
3.1201e-05
3.11851e-05
3.11692e-05
3.11534e-05
3.11375e-05
3.11217e-05
3.11058e-05
3.109e-05
3.10742e-05
3.10584e-05
3.10426e-05
3.10268e-05
3.1011e-05
3.09952e-05
3.09794e-05
3.09637e-05
3.09479e-05
3.09322e-05
3.09164e-05
3.09007e-05
3.0885e-05
3.08693e-05
3.08536e-05
3.08379e-05
3.08222e-05
3.08065e-05
3.07909e-05
3.07754e-05
3.07599e-05
3.07443e-05
3.07288e-05
3.07133e-05
3.06978e-05
3.06823e-05
3.06669e-05
3.06514e-05
3.06359e-05
3.06205e-05
3.0605e-05
3.05896e-05
3.05741e-05
3.05587e-05
3.05433e-05
3.05279e-05
3.05125e-05
3.04971e-05
3.04817e-05
3.04663e-05
3.0451e-05
3.04356e-05
3.04203e-05
3.04049e-05
3.03896e-05
3.03743e-05
3.03589e-05
3.03436e-05
3.03283e-05
3.0313e-05
3.02978e-05
3.02825e-05
3.02672e-05
3.02519e-05
3.02367e-05
3.02215e-05
3.02062e-05
3.0191e-05
3.01758e-05
3.01606e-05
3.01454e-05
3.01302e-05
3.0115e-05
3.00998e-05
3.00846e-05
3.00695e-05
3.00543e-05
3.00391e-05
3.0024e-05
3.00089e-05
2.99938e-05
2.99786e-05
2.99635e-05
2.99484e-05
2.99333e-05
2.99183e-05
2.99032e-05
2.98881e-05
2.98731e-05
2.9858e-05
2.9843e-05
2.98279e-05
2.98129e-05
2.97979e-05
2.97829e-05
2.97679e-05
2.97529e-05
2.97379e-05
2.97229e-05
2.9708e-05
2.9693e-05
2.9678e-05
2.96631e-05
2.96482e-05
2.96332e-05
2.96186e-05
2.96039e-05
2.95893e-05
2.95747e-05
2.95601e-05
2.95455e-05
2.95309e-05
2.95163e-05
2.95017e-05
2.94871e-05
2.94725e-05
2.9458e-05
2.94434e-05
2.94289e-05
2.94143e-05
2.93998e-05
2.93852e-05
2.93707e-05
2.93562e-05
2.93417e-05
2.93272e-05
2.93127e-05
2.92982e-05
2.92838e-05
2.92693e-05
2.92548e-05
2.92404e-05
2.92259e-05
2.92115e-05
2.91971e-05
2.91827e-05
2.91682e-05
2.91538e-05
2.91394e-05
2.9125e-05
2.91107e-05
2.90963e-05
2.90819e-05
2.90676e-05
2.90532e-05
2.90389e-05
2.90245e-05
2.90102e-05
2.89959e-05
2.89815e-05
2.89672e-05
2.89529e-05
2.89386e-05
2.89244e-05
2.89101e-05
2.88958e-05
2.88815e-05
2.88673e-05
2.8853e-05
2.88388e-05
2.88245e-05
2.88103e-05
2.87961e-05
2.87819e-05
2.87677e-05
2.87535e-05
2.87393e-05
2.87251e-05
2.87109e-05
2.86968e-05
2.86826e-05
2.86685e-05
2.86543e-05
2.86402e-05
2.8626e-05
2.86119e-05
2.85978e-05
2.85837e-05
2.85696e-05
2.85555e-05
2.85414e-05
2.85273e-05
2.85133e-05
2.84992e-05
2.84853e-05
2.84713e-05
2.84574e-05
2.84434e-05
2.84295e-05
2.84156e-05
2.84017e-05
2.83878e-05
2.83739e-05
2.836e-05
2.83461e-05
2.83322e-05
2.83184e-05
2.83045e-05
2.82907e-05
2.82768e-05
2.8263e-05
2.82491e-05
2.82353e-05
2.82215e-05
2.82077e-05
2.81939e-05
2.81801e-05
2.81663e-05
2.81525e-05
2.81387e-05
2.8125e-05
2.81112e-05
2.80975e-05
2.80837e-05
2.807e-05
2.80562e-05
2.80425e-05
2.80288e-05
2.80151e-05
2.80014e-05
2.79877e-05
2.7974e-05
2.79603e-05
2.79467e-05
2.7933e-05
2.79193e-05
2.79057e-05
2.7892e-05
2.78784e-05
2.78648e-05
2.78511e-05
2.78375e-05
2.78239e-05
2.78103e-05
2.77967e-05
2.77831e-05
2.77695e-05
2.7756e-05
2.77424e-05
2.77288e-05
2.77153e-05
2.77017e-05
2.76882e-05
2.76747e-05
2.76611e-05
2.76476e-05
2.76341e-05
2.76206e-05
2.76071e-05
2.75936e-05
2.75801e-05
2.75666e-05
2.75534e-05
2.75402e-05
2.75269e-05
2.75137e-05
2.75005e-05
2.74873e-05
2.74741e-05
2.74609e-05
2.74477e-05
2.74346e-05
2.74214e-05
2.74082e-05
2.73951e-05
2.73819e-05
2.73688e-05
2.73556e-05
2.73425e-05
2.73294e-05
2.73163e-05
2.73032e-05
2.72901e-05
2.7277e-05
2.72639e-05
2.72508e-05
2.72377e-05
2.72246e-05
2.72116e-05
2.71985e-05
2.71855e-05
2.71724e-05
2.71594e-05
2.71464e-05
2.71333e-05
2.71203e-05
2.71073e-05
2.70943e-05
2.70813e-05
2.70683e-05
2.70553e-05
2.70424e-05
2.70294e-05
2.70164e-05
2.70035e-05
2.69905e-05
2.69776e-05
2.69646e-05
2.69517e-05
2.69388e-05
2.69258e-05
2.69129e-05
2.69e-05
2.68871e-05
2.68742e-05
2.68613e-05
2.68485e-05
2.68356e-05
2.68227e-05
2.68099e-05
2.6797e-05
2.67842e-05
2.67713e-05
2.67585e-05
2.67457e-05
2.67328e-05
2.672e-05
2.67072e-05
2.66944e-05
2.66816e-05
2.66688e-05
2.66561e-05
2.66433e-05
2.66305e-05
2.66178e-05
2.6605e-05
2.65923e-05
2.65795e-05
2.65668e-05
2.6554e-05
2.65413e-05
2.65286e-05
2.65159e-05
2.65032e-05
2.64905e-05
2.64778e-05
2.64651e-05
2.64524e-05
2.64398e-05
2.64271e-05
2.64144e-05
2.64018e-05
2.63892e-05
2.63765e-05
2.63639e-05
2.63513e-05
2.63387e-05
2.63262e-05
2.63137e-05
2.63012e-05
2.62886e-05
2.62761e-05
2.62637e-05
2.62512e-05
2.62387e-05
2.62262e-05
2.62137e-05
2.62013e-05
2.61888e-05
2.61764e-05
2.61639e-05
2.61515e-05
2.6139e-05
2.61266e-05
2.61142e-05
2.61018e-05
2.60894e-05
2.6077e-05
2.60646e-05
2.60522e-05
2.60398e-05
2.60274e-05
2.60151e-05
2.60027e-05
2.59904e-05
2.5978e-05
2.59657e-05
2.59533e-05
2.5941e-05
2.59287e-05
2.59163e-05
2.5904e-05
2.58917e-05
2.58794e-05
2.58671e-05
2.58548e-05
2.58426e-05
2.58303e-05
2.5818e-05
2.58057e-05
2.57935e-05
2.57812e-05
2.5769e-05
2.57568e-05
2.57445e-05
2.57323e-05
2.57201e-05
2.57079e-05
2.56957e-05
2.56835e-05
2.56713e-05
2.56591e-05
2.56469e-05
2.56348e-05
2.56228e-05
2.56109e-05
2.55989e-05
2.55869e-05
2.5575e-05
2.55631e-05
2.55511e-05
2.55392e-05
2.55273e-05
2.55153e-05
2.55034e-05
2.54915e-05
2.54796e-05
2.54677e-05
2.54558e-05
2.54439e-05
2.54321e-05
2.54202e-05
2.54083e-05
2.53965e-05
2.53846e-05
2.53728e-05
2.53609e-05
2.53491e-05
2.53372e-05
2.53254e-05
2.53136e-05
2.53018e-05
2.529e-05
2.52782e-05
2.52664e-05
2.52546e-05
2.52428e-05
2.5231e-05
2.52192e-05
2.52075e-05
2.51957e-05
2.5184e-05
2.51722e-05
2.51605e-05
2.51487e-05
2.5137e-05
2.51253e-05
2.51135e-05
2.51018e-05
2.50901e-05
2.50784e-05
2.50667e-05
2.5055e-05
2.50433e-05
2.50316e-05
2.502e-05
2.50083e-05
2.49966e-05
2.4985e-05
2.49733e-05
2.49617e-05
2.495e-05
2.49384e-05
2.49268e-05
2.49152e-05
2.49035e-05
2.48919e-05
2.48803e-05
2.48687e-05
2.48571e-05
2.48455e-05
2.4834e-05
2.48224e-05
2.48108e-05
2.47992e-05
2.47877e-05
2.47761e-05
2.47646e-05
2.4753e-05
2.47415e-05
2.473e-05
2.47184e-05
2.47069e-05
2.46954e-05
2.46839e-05
2.46724e-05
2.46609e-05
2.46494e-05
2.46379e-05
2.46264e-05
2.4615e-05
2.46035e-05
2.4592e-05
2.45806e-05
2.45691e-05
2.45577e-05
2.45462e-05
2.45348e-05
2.45234e-05
2.4512e-05
2.45005e-05
2.44891e-05
2.44777e-05
2.44663e-05
2.44549e-05
2.44435e-05
2.44321e-05
2.44208e-05
2.44094e-05
2.4398e-05
2.43867e-05
2.43753e-05
2.4364e-05
2.43526e-05
2.43413e-05
2.433e-05
2.43187e-05
2.43074e-05
2.42962e-05
2.4285e-05
2.42737e-05
2.42625e-05
2.42513e-05
2.42401e-05
2.42288e-05
2.42176e-05
2.42064e-05
2.41952e-05
2.41841e-05
2.41729e-05
2.41617e-05
2.41505e-05
2.41394e-05
2.41282e-05
2.4117e-05
2.41059e-05
2.40947e-05
2.40836e-05
2.40725e-05
2.40613e-05
2.40502e-05
2.40391e-05
2.4028e-05
2.40169e-05
2.40058e-05
2.39947e-05
2.39836e-05
2.39725e-05
2.39614e-05
2.39504e-05
2.39393e-05
2.39282e-05
2.39172e-05
2.39061e-05
2.38951e-05
2.3884e-05
2.3873e-05
2.38621e-05
2.38512e-05
2.38403e-05
2.38294e-05
2.38184e-05
2.38075e-05
2.37966e-05
2.37858e-05
2.37749e-05
2.37641e-05
2.37533e-05
2.37424e-05
2.37316e-05
2.37209e-05
2.37101e-05
2.36993e-05
2.36885e-05
2.36777e-05
2.3667e-05
2.36562e-05
2.36454e-05
2.36347e-05
2.36239e-05
2.36132e-05
2.36025e-05
2.35917e-05
2.3581e-05
2.35703e-05
2.35596e-05
2.35489e-05
2.35381e-05
2.35274e-05
2.35167e-05
2.35061e-05
2.34954e-05
2.34847e-05
2.3474e-05
2.34633e-05
2.34527e-05
2.3442e-05
2.34314e-05
2.34207e-05
2.34101e-05
2.33994e-05
2.33888e-05
2.33782e-05
2.33675e-05
2.33569e-05
2.33463e-05
2.33357e-05
2.33251e-05
2.33145e-05
2.33039e-05
2.32933e-05
2.32827e-05
2.32721e-05
2.32616e-05
2.3251e-05
2.32404e-05
2.32299e-05
2.32193e-05
2.32088e-05
2.31982e-05
2.31877e-05
2.31772e-05
2.31666e-05
2.31561e-05
2.31456e-05
2.31351e-05
2.31246e-05
2.31141e-05
2.31036e-05
2.30931e-05
2.30826e-05
2.30721e-05
2.30616e-05
2.30512e-05
2.30407e-05
2.30302e-05
2.30198e-05
2.30093e-05
2.29989e-05
2.29884e-05
2.2978e-05
2.29676e-05
2.29572e-05
2.29467e-05
2.29363e-05
2.29259e-05
2.29155e-05
2.29051e-05
2.28947e-05
2.28843e-05
2.28739e-05
2.28635e-05
2.28532e-05
2.28428e-05
2.28324e-05
2.28221e-05
2.28117e-05
2.28014e-05
2.2791e-05
2.27807e-05
2.27703e-05
2.276e-05
2.27497e-05
2.27394e-05
2.2729e-05
2.27187e-05
2.27084e-05
2.26981e-05
2.26878e-05
2.26775e-05
2.26672e-05
2.2657e-05
2.26467e-05
2.26364e-05
2.26262e-05
2.26159e-05
2.26056e-05
2.25954e-05
2.25851e-05
2.25749e-05
2.25647e-05
2.25544e-05
2.25442e-05
2.2534e-05
2.25238e-05
2.25136e-05
2.25033e-05
2.24931e-05
2.24829e-05
2.24728e-05
2.24626e-05
2.24524e-05
2.24422e-05
2.2432e-05
2.24219e-05
2.24117e-05
2.24016e-05
2.23915e-05
2.23814e-05
2.23714e-05
2.23613e-05
2.23512e-05
2.23411e-05
2.23311e-05
2.2321e-05
2.2311e-05
2.23009e-05
2.22909e-05
2.22809e-05
2.22709e-05
2.2261e-05
2.2251e-05
2.22411e-05
2.22312e-05
2.22212e-05
2.22113e-05
2.22014e-05
2.21915e-05
2.21816e-05
2.21717e-05
2.21618e-05
2.21519e-05
2.2142e-05
2.21321e-05
2.21222e-05
2.21123e-05
2.21025e-05
2.20926e-05
2.20827e-05
2.20729e-05
2.2063e-05
2.20532e-05
2.20433e-05
2.20335e-05
2.20237e-05
2.20138e-05
2.2004e-05
2.19942e-05
2.19844e-05
2.19746e-05
2.19648e-05
2.1955e-05
2.19452e-05
2.19354e-05
2.19256e-05
2.19159e-05
2.19061e-05
2.18964e-05
2.18867e-05
2.1877e-05
2.18673e-05
2.18576e-05
2.18479e-05
2.18382e-05
2.18285e-05
2.18189e-05
2.18092e-05
2.17995e-05
2.17898e-05
2.17802e-05
2.17705e-05
2.17609e-05
2.17512e-05
2.17416e-05
2.17319e-05
2.17223e-05
2.17127e-05
2.1703e-05
2.16934e-05
2.16838e-05
2.16742e-05
2.16646e-05
2.1655e-05
2.16454e-05
2.16358e-05
2.16262e-05
2.16166e-05
2.1607e-05
2.15974e-05
2.15879e-05
2.15783e-05
2.15687e-05
2.15592e-05
2.15496e-05
2.15401e-05
2.15305e-05
2.1521e-05
2.15114e-05
2.15019e-05
2.14924e-05
2.14829e-05
2.14733e-05
2.14638e-05
2.14543e-05
2.14448e-05
2.14353e-05
2.14258e-05
2.14163e-05
2.14068e-05
2.13973e-05
2.13879e-05
2.13784e-05
2.13689e-05
2.13595e-05
2.135e-05
2.13405e-05
2.13311e-05
2.13216e-05
2.13122e-05
2.13028e-05
2.12933e-05
2.12839e-05
2.12745e-05
2.1265e-05
2.12556e-05
2.12462e-05
2.12368e-05
2.12274e-05
2.1218e-05
2.12086e-05
2.11992e-05
2.11898e-05
2.11804e-05
2.11711e-05
2.11617e-05
2.11523e-05
2.1143e-05
2.11336e-05
2.11242e-05
2.11149e-05
2.11056e-05
2.10962e-05
2.10869e-05
2.10775e-05
2.10682e-05
2.10589e-05
2.10496e-05
2.10403e-05
2.10309e-05
2.10216e-05
2.10123e-05
2.1003e-05
2.09937e-05
2.09845e-05
2.09752e-05
2.09659e-05
2.09566e-05
2.09473e-05
2.09381e-05
2.09288e-05
2.09195e-05
2.09103e-05
2.0901e-05
2.08918e-05
2.08826e-05
2.08733e-05
2.08641e-05
2.08549e-05
2.08456e-05
2.08364e-05
2.08272e-05
2.0818e-05
2.08088e-05
2.07996e-05
2.07904e-05
2.07812e-05
2.0772e-05
2.07628e-05
2.07536e-05
2.07445e-05
2.07353e-05
2.07261e-05
2.0717e-05
2.07078e-05
2.06988e-05
2.06897e-05
2.06807e-05
2.06717e-05
2.06627e-05
2.06537e-05
2.06446e-05
2.06356e-05
2.06266e-05
2.06176e-05
2.06087e-05
2.05997e-05
2.05907e-05
2.05817e-05
2.05727e-05
2.05638e-05
2.05548e-05
2.05458e-05
2.05369e-05
2.05279e-05
2.0519e-05
2.051e-05
2.05011e-05
2.04921e-05
2.04832e-05
2.04743e-05
2.04653e-05
2.04564e-05
2.04475e-05
2.04386e-05
2.04297e-05
2.04208e-05
2.04119e-05
2.0403e-05
2.03941e-05
2.03852e-05
2.03763e-05
2.03674e-05
2.03585e-05
2.03497e-05
2.03408e-05
2.03319e-05
2.03231e-05
2.03142e-05
2.03054e-05
2.02965e-05
2.02877e-05
2.02788e-05
2.027e-05
2.02612e-05
2.02523e-05
2.02435e-05
2.02347e-05
2.02259e-05
2.02171e-05
2.02083e-05
2.01995e-05
2.01907e-05
2.01819e-05
2.01731e-05
2.01643e-05
2.01555e-05
2.01468e-05
2.0138e-05
2.01293e-05
2.01206e-05
2.01119e-05
2.01031e-05
2.00944e-05
2.00857e-05
2.0077e-05
2.00683e-05
2.00596e-05
2.00509e-05
2.00423e-05
2.00336e-05
2.00249e-05
2.00162e-05
2.00076e-05
1.99989e-05
1.99902e-05
1.99816e-05
1.99729e-05
1.99643e-05
1.99556e-05
1.9947e-05
1.99383e-05
1.99297e-05
1.99211e-05
1.99125e-05
1.99038e-05
1.98952e-05
1.98866e-05
1.9878e-05
1.98694e-05
1.98608e-05
1.98522e-05
1.98436e-05
1.9835e-05
1.98264e-05
1.98178e-05
1.98092e-05
1.98007e-05
1.97921e-05
1.97835e-05
1.9775e-05
1.97664e-05
1.97578e-05
1.97493e-05
1.97407e-05
1.97322e-05
1.97237e-05
1.97151e-05
1.97066e-05
1.96981e-05
1.96895e-05
1.9681e-05
1.96725e-05
1.9664e-05
1.96555e-05
1.9647e-05
1.96385e-05
1.963e-05
1.96215e-05
1.9613e-05
1.96045e-05
1.9596e-05
1.95875e-05
1.95791e-05
1.95706e-05
1.95621e-05
1.95537e-05
1.95452e-05
1.95368e-05
1.95283e-05
1.95199e-05
1.95114e-05
1.9503e-05
1.94945e-05
1.94861e-05
1.94777e-05
1.94693e-05
1.94608e-05
1.94524e-05
1.9444e-05
1.94356e-05
1.94272e-05
1.94188e-05
1.94104e-05
1.9402e-05
1.93936e-05
1.93852e-05
1.93769e-05
1.93685e-05
1.93601e-05
1.93517e-05
1.93434e-05
1.9335e-05
1.93266e-05
1.93183e-05
1.93099e-05
1.93016e-05
1.92932e-05
1.92849e-05
1.92766e-05
1.92682e-05
1.92599e-05
1.92516e-05
1.92433e-05
1.9235e-05
1.92266e-05
1.92183e-05
1.921e-05
1.92017e-05
1.91934e-05
1.91851e-05
1.91768e-05
1.91686e-05
1.91603e-05
1.9152e-05
1.91438e-05
1.91357e-05
1.91275e-05
1.91193e-05
1.91112e-05
1.9103e-05
1.90949e-05
1.90867e-05
1.90786e-05
1.90704e-05
1.90623e-05
1.90542e-05
1.9046e-05
1.90379e-05
1.90298e-05
1.90217e-05
1.90135e-05
1.90054e-05
1.89973e-05
1.89892e-05
1.89811e-05
1.8973e-05
1.89649e-05
1.89568e-05
1.89488e-05
1.89407e-05
1.89326e-05
1.89245e-05
1.89164e-05
1.89084e-05
1.89003e-05
1.88923e-05
1.88842e-05
1.88761e-05
1.88681e-05
1.886e-05
1.8852e-05
1.8844e-05
1.88359e-05
1.88279e-05
1.88199e-05
1.88118e-05
1.88038e-05
1.87958e-05
1.87878e-05
1.87798e-05
1.87718e-05
1.87638e-05
1.87558e-05
1.87478e-05
1.87398e-05
1.87318e-05
1.87238e-05
1.87158e-05
1.87078e-05
1.86999e-05
1.86919e-05
1.86839e-05
1.8676e-05
1.8668e-05
1.86601e-05
1.86521e-05
1.86441e-05
1.86362e-05
1.86283e-05
1.86203e-05
1.86124e-05
1.86045e-05
1.85965e-05
1.85886e-05
1.85807e-05
1.85728e-05
1.85648e-05
1.85569e-05
1.8549e-05
1.85411e-05
1.85332e-05
1.85253e-05
1.85174e-05
1.85095e-05
1.85017e-05
1.84938e-05
1.84859e-05
1.8478e-05
1.84702e-05
1.84623e-05
1.84544e-05
1.84466e-05
1.84387e-05
1.84309e-05
1.84231e-05
1.84153e-05
1.84075e-05
1.83997e-05
1.83919e-05
1.83841e-05
1.83763e-05
1.83685e-05
1.83607e-05
1.83529e-05
1.83451e-05
1.83374e-05
1.83296e-05
1.83218e-05
1.8314e-05
1.83063e-05
1.82985e-05
1.82908e-05
1.8283e-05
1.82753e-05
1.82675e-05
1.82598e-05
1.82521e-05
1.82443e-05
1.82366e-05
1.82289e-05
1.82211e-05
1.82134e-05
1.82057e-05
1.8198e-05
1.81903e-05
1.81826e-05
1.81749e-05
1.81672e-05
1.81595e-05
1.81518e-05
1.81441e-05
1.81364e-05
1.81287e-05
1.8121e-05
1.81134e-05
1.81057e-05
1.8098e-05
1.80904e-05
1.80827e-05
1.8075e-05
1.80674e-05
1.80597e-05
1.80521e-05
1.80444e-05
1.80368e-05
1.80292e-05
1.80215e-05
1.80139e-05
1.80063e-05
1.79986e-05
1.7991e-05
1.79834e-05
1.79758e-05
1.79682e-05
1.79606e-05
1.7953e-05
1.79454e-05
1.79378e-05
1.79302e-05
1.79226e-05
1.7915e-05
1.79074e-05
1.78998e-05
1.78922e-05
1.78847e-05
1.78771e-05
1.78695e-05
1.7862e-05
1.78544e-05
1.78469e-05
1.78393e-05
1.78317e-05
1.78242e-05
1.78167e-05
1.78091e-05
1.78016e-05
1.7794e-05
1.77865e-05
1.7779e-05
1.77715e-05
1.77639e-05
1.77564e-05
1.77489e-05
1.77414e-05
1.77339e-05
1.77264e-05
1.77189e-05
1.77114e-05
1.77039e-05
1.76964e-05
1.76889e-05
1.76814e-05
1.7674e-05
1.76665e-05
1.7659e-05
1.76516e-05
1.76442e-05
1.76369e-05
1.76295e-05
1.76221e-05
1.76147e-05
1.76074e-05
1.76e-05
1.75926e-05
1.75853e-05
1.75779e-05
1.75706e-05
1.75632e-05
1.75559e-05
1.75486e-05
1.75412e-05
1.75339e-05
1.75265e-05
1.75192e-05
1.75119e-05
1.75046e-05
1.74973e-05
1.74899e-05
1.74826e-05
1.74753e-05
1.7468e-05
1.74607e-05
1.74534e-05
1.74461e-05
1.74388e-05
1.74315e-05
1.74242e-05
1.7417e-05
1.74097e-05
1.74024e-05
1.73951e-05
1.73878e-05
1.73806e-05
1.73733e-05
1.73661e-05
1.73588e-05
1.73515e-05
1.73443e-05
1.7337e-05
1.73298e-05
1.73225e-05
1.73153e-05
1.73081e-05
1.73008e-05
1.72936e-05
1.72864e-05
1.72792e-05
1.72719e-05
1.72647e-05
1.72575e-05
1.72503e-05
1.72431e-05
1.72359e-05
1.72287e-05
1.72215e-05
1.72143e-05
1.72071e-05
1.71999e-05
1.71927e-05
1.71855e-05
1.71784e-05
1.71712e-05
1.7164e-05
1.71568e-05
1.71497e-05
1.71425e-05
1.71353e-05
1.71282e-05
1.7121e-05
1.71139e-05
1.71067e-05
1.70996e-05
1.70924e-05
1.70853e-05
1.70782e-05
1.7071e-05
1.70639e-05
1.70568e-05
1.70497e-05
1.70425e-05
1.70354e-05
1.70283e-05
1.70212e-05
1.70141e-05
1.7007e-05
1.69999e-05
1.69928e-05
1.69857e-05
1.69786e-05
1.69715e-05
1.69644e-05
1.69573e-05
1.69503e-05
1.69432e-05
1.69361e-05
1.6929e-05
1.6922e-05
1.69149e-05
1.69078e-05
1.69008e-05
1.68937e-05
1.68867e-05
1.68796e-05
1.68726e-05
1.68655e-05
1.68585e-05
1.68515e-05
1.68444e-05
1.68374e-05
1.68304e-05
1.68233e-05
1.68163e-05
1.68093e-05
1.68023e-05
1.67953e-05
1.67883e-05
1.67813e-05
1.67743e-05
1.67673e-05
1.67603e-05
1.67533e-05
1.67463e-05
1.67394e-05
1.67324e-05
1.67255e-05
1.67185e-05
1.67116e-05
1.67046e-05
1.66977e-05
1.66908e-05
1.66838e-05
1.66769e-05
1.667e-05
1.6663e-05
1.66561e-05
1.66492e-05
1.66423e-05
1.66354e-05
1.66285e-05
1.66216e-05
1.66146e-05
1.66077e-05
1.66008e-05
1.6594e-05
1.65871e-05
1.65802e-05
1.65733e-05
1.65664e-05
1.65595e-05
1.65526e-05
1.65458e-05
1.65389e-05
1.6532e-05
1.65252e-05
1.65183e-05
1.65114e-05
1.65046e-05
1.64977e-05
1.64909e-05
1.6484e-05
1.64772e-05
1.64703e-05
1.64635e-05
1.64567e-05
1.64498e-05
1.6443e-05
1.64362e-05
1.64294e-05
1.64225e-05
1.64157e-05
1.64089e-05
1.64021e-05
1.63953e-05
1.63885e-05
1.63817e-05
1.63749e-05
1.63681e-05
1.63613e-05
1.63545e-05
1.63477e-05
1.63409e-05
1.63341e-05
1.63273e-05
1.63206e-05
1.63138e-05
1.6307e-05
1.63003e-05
1.62935e-05
1.62867e-05
1.628e-05
1.62732e-05
1.62665e-05
1.62597e-05
1.6253e-05
1.62462e-05
1.62395e-05
1.62327e-05
1.6226e-05
1.62193e-05
1.62125e-05
1.62058e-05
1.61992e-05
1.61925e-05
1.61859e-05
1.61792e-05
1.61726e-05
1.6166e-05
1.61593e-05
1.61527e-05
1.6146e-05
1.61394e-05
1.61328e-05
1.61262e-05
1.61195e-05
1.61129e-05
1.61063e-05
1.60997e-05
1.60931e-05
1.60865e-05
1.60799e-05
1.60733e-05
1.60667e-05
1.60601e-05
1.60535e-05
1.60469e-05
1.60403e-05
1.60337e-05
1.60271e-05
1.60205e-05
1.6014e-05
1.60074e-05
1.60008e-05
1.59943e-05
1.59877e-05
1.59811e-05
1.59746e-05
1.5968e-05
1.59615e-05
1.59549e-05
1.59484e-05
1.59418e-05
1.59353e-05
1.59287e-05
1.59222e-05
1.59157e-05
1.59091e-05
1.59026e-05
1.58961e-05
1.58895e-05
1.5883e-05
1.58765e-05
1.587e-05
1.58635e-05
1.5857e-05
1.58505e-05
1.58439e-05
1.58374e-05
1.58309e-05
1.58245e-05
1.5818e-05
1.58115e-05
1.5805e-05
1.57985e-05
1.5792e-05
1.57855e-05
1.57791e-05
1.57726e-05
1.57661e-05
1.57596e-05
1.57532e-05
1.57467e-05
1.57402e-05
1.57338e-05
1.57273e-05
1.57209e-05
1.57144e-05
1.5708e-05
1.57015e-05
1.56951e-05
1.56887e-05
1.56822e-05
1.56758e-05
1.56694e-05
1.56629e-05
1.56565e-05
1.56501e-05
1.56437e-05
1.56373e-05
1.56308e-05
1.56244e-05
1.5618e-05
1.56116e-05
1.56052e-05
1.55988e-05
1.55924e-05
1.5586e-05
1.55796e-05
1.55732e-05
1.55669e-05
1.55605e-05
1.55541e-05
1.55477e-05
1.55413e-05
1.5535e-05
1.55286e-05
1.55222e-05
1.55159e-05
1.55095e-05
1.55031e-05
1.54968e-05
1.54904e-05
1.54841e-05
1.54777e-05
1.54714e-05
1.5465e-05
1.54587e-05
1.54524e-05
1.5446e-05
1.54397e-05
1.54334e-05
1.5427e-05
1.54207e-05
1.54144e-05
1.54081e-05
1.54018e-05
1.53954e-05
1.53891e-05
1.53828e-05
1.53765e-05
1.53702e-05
1.53639e-05
1.53576e-05
1.53513e-05
1.5345e-05
1.53387e-05
1.53325e-05
1.53262e-05
1.53199e-05
1.53136e-05
1.53073e-05
1.53011e-05
1.52948e-05
1.52885e-05
1.52823e-05
1.5276e-05
1.52697e-05
1.52635e-05
1.52572e-05
1.5251e-05
1.52447e-05
1.52385e-05
1.52322e-05
1.5226e-05
1.52198e-05
1.52135e-05
1.52073e-05
1.52011e-05
1.51948e-05
1.51886e-05
1.51824e-05
1.51762e-05
1.517e-05
1.51637e-05
1.51575e-05
1.51513e-05
1.51451e-05
1.51389e-05
1.51327e-05
1.51265e-05
1.51203e-05
1.51141e-05
1.51079e-05
1.51017e-05
1.50956e-05
1.50894e-05
1.50833e-05
1.50771e-05
1.50709e-05
1.50648e-05
1.50586e-05
1.50525e-05
1.50464e-05
1.50402e-05
1.50341e-05
1.50279e-05
1.50218e-05
1.50157e-05
1.50096e-05
1.50034e-05
1.49973e-05
1.49912e-05
1.49851e-05
1.4979e-05
1.49729e-05
1.49667e-05
1.49606e-05
1.49545e-05
1.49484e-05
1.49423e-05
1.49362e-05
1.49302e-05
1.49241e-05
1.4918e-05
1.49119e-05
1.49058e-05
1.48997e-05
1.48936e-05
1.48876e-05
1.48815e-05
1.48754e-05
1.48694e-05
1.48633e-05
1.48572e-05
1.48512e-05
1.48451e-05
1.48391e-05
1.4833e-05
1.4827e-05
1.48209e-05
1.48149e-05
1.48088e-05
1.48028e-05
1.47968e-05
1.47908e-05
1.47848e-05
1.47788e-05
1.47728e-05
1.47668e-05
1.47609e-05
1.47549e-05
1.47489e-05
1.4743e-05
1.4737e-05
1.47311e-05
1.47251e-05
1.47192e-05
1.47132e-05
1.47073e-05
1.47013e-05
1.46954e-05
1.46895e-05
1.46835e-05
1.46776e-05
1.46717e-05
1.46657e-05
1.46598e-05
1.46539e-05
1.4648e-05
1.46421e-05
1.46361e-05
1.46302e-05
1.46243e-05
1.46184e-05
1.46125e-05
1.46066e-05
1.46007e-05
1.45948e-05
1.45889e-05
1.4583e-05
1.45771e-05
1.45712e-05
1.45654e-05
1.45595e-05
1.45536e-05
1.45477e-05
1.45418e-05
1.4536e-05
1.45301e-05
1.45242e-05
1.45184e-05
1.45125e-05
1.45066e-05
1.45008e-05
1.44949e-05
1.44891e-05
1.44832e-05
1.44774e-05
1.44715e-05
1.44657e-05
1.44598e-05
1.4454e-05
1.44482e-05
1.44423e-05
1.44365e-05
1.44307e-05
1.44248e-05
1.4419e-05
1.44132e-05
1.44074e-05
1.44016e-05
1.43957e-05
1.43899e-05
1.43841e-05
1.43783e-05
1.43725e-05
1.43667e-05
1.43609e-05
1.43551e-05
1.43493e-05
1.43435e-05
1.43377e-05
1.43319e-05
1.43262e-05
1.43204e-05
1.43146e-05
1.43088e-05
1.4303e-05
1.42973e-05
1.42915e-05
1.42857e-05
1.428e-05
1.42742e-05
1.42684e-05
1.42627e-05
1.42569e-05
1.42512e-05
1.42454e-05
1.42397e-05
1.42339e-05
1.42282e-05
1.42224e-05
1.42167e-05
1.4211e-05
1.42052e-05
1.41995e-05
1.41938e-05
1.4188e-05
1.41823e-05
1.41766e-05
1.41709e-05
1.41651e-05
1.41594e-05
1.41537e-05
1.4148e-05
1.41423e-05
1.41366e-05
1.41309e-05
1.41252e-05
1.41195e-05
1.41138e-05
1.41081e-05
1.41024e-05
1.40967e-05
1.4091e-05
1.40853e-05
1.40797e-05
1.4074e-05
1.40683e-05
1.40626e-05
1.40569e-05
1.40513e-05
1.40456e-05
1.40399e-05
1.40343e-05
1.40286e-05
1.4023e-05
1.40173e-05
1.40116e-05
1.4006e-05
1.40003e-05
1.39947e-05
1.3989e-05
1.39834e-05
1.39778e-05
1.39721e-05
1.39665e-05
1.39609e-05
1.39552e-05
1.39496e-05
1.3944e-05
1.39383e-05
1.39327e-05
1.39271e-05
1.39215e-05
1.39159e-05
1.39103e-05
1.39047e-05
1.3899e-05
1.38934e-05
1.38878e-05
1.38822e-05
1.38766e-05
1.3871e-05
1.38654e-05
1.38599e-05
1.38543e-05
1.38487e-05
1.38431e-05
1.38375e-05
1.38319e-05
1.38264e-05
1.38208e-05
1.38152e-05
1.38096e-05
1.38041e-05
1.37985e-05
1.37929e-05
1.37874e-05
1.37818e-05
1.37763e-05
1.37707e-05
1.37652e-05
1.37596e-05
1.37541e-05
1.37485e-05
1.3743e-05
1.37374e-05
1.37319e-05
1.37264e-05
1.37208e-05
1.37153e-05
1.37098e-05
1.37042e-05
1.36987e-05
1.36932e-05
1.36877e-05
1.36822e-05
1.36767e-05
1.36711e-05
1.36656e-05
1.36601e-05
1.36546e-05
1.36491e-05
1.36436e-05
1.36381e-05
1.36326e-05
1.36271e-05
1.36216e-05
1.36161e-05
1.36107e-05
1.36052e-05
1.35997e-05
1.35942e-05
1.35887e-05
1.35833e-05
1.35778e-05
1.35723e-05
1.35668e-05
1.35614e-05
1.35559e-05
1.35504e-05
1.3545e-05
1.35395e-05
1.35341e-05
1.35286e-05
1.35232e-05
1.35177e-05
1.35123e-05
1.35068e-05
1.35014e-05
1.3496e-05
1.34906e-05
1.34852e-05
1.34798e-05
1.34744e-05
1.3469e-05
1.34637e-05
1.34583e-05
1.34529e-05
1.34475e-05
1.34422e-05
1.34368e-05
1.34314e-05
1.34261e-05
1.34207e-05
1.34153e-05
1.341e-05
1.34046e-05
1.33993e-05
1.33939e-05
1.33886e-05
1.33832e-05
1.33779e-05
1.33725e-05
1.33672e-05
1.33618e-05
1.33565e-05
1.33512e-05
1.33458e-05
1.33405e-05
1.33352e-05
1.33298e-05
1.33245e-05
1.33192e-05
1.33139e-05
1.33085e-05
1.33032e-05
1.32979e-05
1.32926e-05
1.32873e-05
1.3282e-05
1.32767e-05
1.32714e-05
1.32661e-05
1.32608e-05
1.32555e-05
1.32502e-05
1.32449e-05
1.32396e-05
1.32343e-05
1.3229e-05
1.32238e-05
1.32185e-05
1.32132e-05
1.32079e-05
1.32026e-05
1.31974e-05
1.31921e-05
1.31868e-05
1.31816e-05
1.31763e-05
1.3171e-05
1.31658e-05
1.31605e-05
1.31553e-05
1.315e-05
1.31448e-05
1.31395e-05
1.31343e-05
1.3129e-05
1.31238e-05
1.31185e-05
1.31133e-05
1.31081e-05
1.31029e-05
1.30976e-05
1.30924e-05
1.30872e-05
1.3082e-05
1.30768e-05
1.30716e-05
1.30664e-05
1.30612e-05
1.3056e-05
1.30508e-05
1.30456e-05
1.30404e-05
1.30352e-05
1.303e-05
1.30248e-05
1.30196e-05
1.30145e-05
1.30093e-05
1.30041e-05
1.29989e-05
1.29938e-05
1.29886e-05
1.29834e-05
1.29782e-05
1.29731e-05
1.29679e-05
1.29627e-05
1.29576e-05
1.29524e-05
1.29473e-05
1.29421e-05
1.2937e-05
1.29318e-05
1.29267e-05
1.29215e-05
1.29164e-05
1.29113e-05
1.29061e-05
1.2901e-05
1.28958e-05
1.28907e-05
1.28856e-05
1.28805e-05
1.28753e-05
1.28702e-05
1.28651e-05
1.286e-05
1.28548e-05
1.28497e-05
1.28446e-05
1.28395e-05
1.28344e-05
1.28293e-05
1.28242e-05
1.28191e-05
1.2814e-05
1.28089e-05
1.28038e-05
1.27987e-05
1.27936e-05
1.27885e-05
1.27834e-05
1.27783e-05
1.27732e-05
1.27682e-05
1.27631e-05
1.2758e-05
1.27529e-05
1.27479e-05
1.27428e-05
1.27377e-05
1.27326e-05
1.27276e-05
1.27225e-05
1.27175e-05
1.27124e-05
1.27073e-05
1.27023e-05
1.26972e-05
1.26922e-05
1.26871e-05
1.26821e-05
1.2677e-05
1.2672e-05
1.2667e-05
1.26619e-05
1.26569e-05
1.26518e-05
1.26468e-05
1.26418e-05
1.26368e-05
1.26317e-05
1.26267e-05
1.26217e-05
1.26167e-05
1.26116e-05
1.26066e-05
1.26016e-05
1.25966e-05
1.25916e-05
1.25866e-05
1.25816e-05
1.25766e-05
1.25716e-05
1.25666e-05
1.25616e-05
1.25566e-05
1.25516e-05
1.25466e-05
1.25416e-05
1.25366e-05
1.25316e-05
1.25266e-05
1.25217e-05
1.25167e-05
1.25117e-05
1.25067e-05
1.25018e-05
1.24968e-05
1.24918e-05
1.24869e-05
1.24819e-05
1.24769e-05
1.2472e-05
1.2467e-05
1.2462e-05
1.24571e-05
1.24521e-05
1.24472e-05
1.24422e-05
1.24373e-05
1.24323e-05
1.24274e-05
1.24225e-05
1.24175e-05
1.24126e-05
1.24077e-05
1.24027e-05
1.23978e-05
1.23929e-05
1.23879e-05
1.2383e-05
1.23781e-05
1.23732e-05
1.23682e-05
1.23633e-05
1.23584e-05
1.23535e-05
1.23486e-05
1.23437e-05
1.23388e-05
1.23339e-05
1.2329e-05
1.23241e-05
1.23192e-05
1.23143e-05
1.23094e-05
1.23045e-05
1.22996e-05
1.22947e-05
1.22898e-05
1.22849e-05
1.22801e-05
1.22752e-05
1.22703e-05
1.22654e-05
1.22605e-05
1.22557e-05
1.22508e-05
1.22459e-05
1.22411e-05
1.22362e-05
1.22313e-05
1.22265e-05
1.22216e-05
1.22168e-05
1.22119e-05
1.22071e-05
1.22022e-05
1.21974e-05
1.21925e-05
1.21877e-05
1.21828e-05
1.2178e-05
1.21731e-05
1.21683e-05
1.21635e-05
1.21586e-05
1.21538e-05
1.2149e-05
1.21441e-05
1.21393e-05
1.21345e-05
1.21297e-05
1.21249e-05
1.212e-05
1.21152e-05
1.21104e-05
1.21056e-05
1.21008e-05
1.2096e-05
1.20912e-05
1.20864e-05
1.20816e-05
1.20769e-05
1.20721e-05
1.20673e-05
1.20626e-05
1.20578e-05
1.2053e-05
1.20483e-05
1.20435e-05
1.20388e-05
1.2034e-05
1.20293e-05
1.20246e-05
1.20198e-05
1.20151e-05
1.20103e-05
1.20056e-05
1.20009e-05
1.19961e-05
1.19914e-05
1.19867e-05
1.19819e-05
1.19772e-05
1.19725e-05
1.19678e-05
1.1963e-05
1.19583e-05
1.19536e-05
1.19489e-05
1.19442e-05
1.19395e-05
1.19348e-05
1.19301e-05
1.19253e-05
1.19206e-05
1.19159e-05
1.19112e-05
1.19065e-05
1.19019e-05
1.18972e-05
1.18925e-05
1.18878e-05
1.18831e-05
1.18784e-05
1.18737e-05
1.1869e-05
1.18644e-05
1.18597e-05
1.1855e-05
1.18503e-05
1.18457e-05
1.1841e-05
1.18363e-05
1.18316e-05
1.1827e-05
1.18223e-05
1.18177e-05
1.1813e-05
1.18083e-05
1.18037e-05
1.1799e-05
1.17944e-05
1.17897e-05
1.17851e-05
1.17804e-05
1.17758e-05
1.17711e-05
1.17665e-05
1.17619e-05
1.17572e-05
1.17526e-05
1.1748e-05
1.17433e-05
1.17387e-05
1.17341e-05
1.17294e-05
1.17248e-05
1.17202e-05
1.17156e-05
1.1711e-05
1.17063e-05
1.17017e-05
1.16971e-05
1.16925e-05
1.16879e-05
1.16833e-05
1.16787e-05
1.16741e-05
1.16695e-05
1.16649e-05
1.16603e-05
1.16557e-05
1.16511e-05
1.16465e-05
1.16419e-05
1.16373e-05
1.16327e-05
1.16281e-05
1.16235e-05
1.1619e-05
1.16144e-05
1.16098e-05
1.16052e-05
1.16007e-05
1.15961e-05
1.15915e-05
1.15869e-05
1.15824e-05
1.15778e-05
1.15733e-05
1.15687e-05
1.15641e-05
1.15596e-05
1.1555e-05
1.15505e-05
1.15459e-05
1.15414e-05
1.15368e-05
1.15323e-05
1.15277e-05
1.15232e-05
1.15186e-05
1.15141e-05
1.15096e-05
1.1505e-05
1.15005e-05
1.1496e-05
1.14914e-05
1.14869e-05
1.14824e-05
1.14778e-05
1.14733e-05
1.14688e-05
1.14643e-05
1.14598e-05
1.14553e-05
1.14507e-05
1.14462e-05
1.14417e-05
1.14372e-05
1.14327e-05
1.14282e-05
1.14237e-05
1.14192e-05
1.14147e-05
1.14102e-05
1.14057e-05
1.14012e-05
1.13967e-05
1.13922e-05
1.13877e-05
1.13832e-05
1.13788e-05
1.13743e-05
1.13698e-05
1.13653e-05
1.13609e-05
1.13564e-05
1.13519e-05
1.13475e-05
1.1343e-05
1.13385e-05
1.13341e-05
1.13296e-05
1.13252e-05
1.13207e-05
1.13163e-05
1.13118e-05
1.13074e-05
1.13029e-05
1.12985e-05
1.12941e-05
1.12896e-05
1.12852e-05
1.12808e-05
1.12763e-05
1.12719e-05
1.12675e-05
1.1263e-05
1.12586e-05
1.12542e-05
1.12498e-05
1.12453e-05
1.12409e-05
1.12365e-05
1.12321e-05
1.12277e-05
1.12233e-05
1.12188e-05
1.12144e-05
1.121e-05
1.12056e-05
1.12012e-05
1.11968e-05
1.11924e-05
1.1188e-05
1.11836e-05
1.11792e-05
1.11748e-05
1.11704e-05
1.11661e-05
1.11617e-05
1.11573e-05
1.11529e-05
1.11485e-05
1.11441e-05
1.11398e-05
1.11354e-05
1.1131e-05
1.11266e-05
1.11223e-05
1.11179e-05
1.11135e-05
1.11092e-05
1.11048e-05
1.11004e-05
1.10961e-05
1.10917e-05
1.10874e-05
1.1083e-05
1.10786e-05
1.10743e-05
1.10699e-05
1.10656e-05
1.10612e-05
1.10569e-05
1.10526e-05
1.10482e-05
1.10439e-05
1.10395e-05
1.10352e-05
1.10309e-05
1.10265e-05
1.10222e-05
1.10179e-05
1.10135e-05
1.10092e-05
1.10049e-05
1.10006e-05
1.09962e-05
1.09919e-05
1.09876e-05
1.09833e-05
1.0979e-05
1.09747e-05
1.09704e-05
1.0966e-05
1.09617e-05
1.09574e-05
1.09531e-05
1.09488e-05
1.09445e-05
1.09402e-05
1.09359e-05
1.09316e-05
1.09273e-05
1.09231e-05
1.09188e-05
1.09145e-05
1.09102e-05
1.09059e-05
1.09016e-05
1.08973e-05
1.08931e-05
1.08888e-05
1.08845e-05
1.08802e-05
1.0876e-05
1.08717e-05
1.08674e-05
1.08631e-05
1.08589e-05
1.08546e-05
1.08504e-05
1.08461e-05
1.08418e-05
1.08376e-05
1.08333e-05
1.08291e-05
1.08248e-05
1.08206e-05
1.08163e-05
1.08121e-05
1.08078e-05
1.08036e-05
1.07993e-05
1.07951e-05
1.07909e-05
1.07866e-05
1.07824e-05
1.07782e-05
1.07739e-05
1.07697e-05
1.07655e-05
1.07612e-05
1.0757e-05
1.07528e-05
1.07486e-05
1.07443e-05
1.07401e-05
1.07359e-05
1.07317e-05
1.07275e-05
1.07233e-05
1.07191e-05
1.07149e-05
1.07106e-05
1.07064e-05
1.07022e-05
1.0698e-05
1.06938e-05
1.06896e-05
1.06854e-05
1.06812e-05
1.06771e-05
1.06729e-05
1.06687e-05
1.06645e-05
1.06603e-05
1.06561e-05
1.0652e-05
1.06478e-05
1.06437e-05
1.06395e-05
1.06354e-05
1.06312e-05
1.06271e-05
1.06229e-05
1.06188e-05
1.06146e-05
1.06105e-05
1.06063e-05
1.06022e-05
1.05981e-05
1.05939e-05
1.05898e-05
1.05857e-05
1.05815e-05
1.05774e-05
1.05733e-05
1.05692e-05
1.0565e-05
1.05609e-05
1.05568e-05
1.05527e-05
1.05485e-05
1.05444e-05
1.05403e-05
1.05362e-05
1.05321e-05
1.0528e-05
1.05239e-05
1.05198e-05
1.05157e-05
1.05116e-05
1.05075e-05
1.05034e-05
1.04993e-05
1.04952e-05
1.04911e-05
1.0487e-05
1.04829e-05
1.04788e-05
1.04747e-05
1.04706e-05
1.04665e-05
1.04625e-05
1.04584e-05
1.04543e-05
1.04502e-05
1.04461e-05
1.04421e-05
1.0438e-05
1.04339e-05
1.04299e-05
1.04258e-05
1.04217e-05
1.04177e-05
1.04136e-05
1.04095e-05
1.04055e-05
1.04014e-05
1.03974e-05
1.03933e-05
1.03892e-05
1.03852e-05
1.03811e-05
1.03771e-05
1.0373e-05
1.0369e-05
1.03649e-05
1.03609e-05
1.03569e-05
1.03528e-05
1.03488e-05
1.03448e-05
1.03407e-05
1.03367e-05
1.03327e-05
1.03286e-05
1.03246e-05
1.03206e-05
1.03165e-05
1.03125e-05
1.03085e-05
1.03045e-05
1.03005e-05
1.02964e-05
1.02924e-05
1.02884e-05
1.02844e-05
1.02804e-05
1.02764e-05
1.02724e-05
1.02684e-05
1.02644e-05
1.02604e-05
1.02564e-05
1.02524e-05
1.02484e-05
1.02444e-05
1.02404e-05
1.02364e-05
1.02324e-05
1.02284e-05
1.02244e-05
1.02204e-05
1.02164e-05
1.02124e-05
1.02085e-05
1.02045e-05
1.02005e-05
1.01965e-05
1.01925e-05
1.01886e-05
1.01846e-05
1.01806e-05
1.01767e-05
1.01727e-05
1.01687e-05
1.01648e-05
1.01608e-05
1.01568e-05
1.01529e-05
1.01489e-05
1.0145e-05
1.0141e-05
1.0137e-05
1.01331e-05
1.01291e-05
1.01252e-05
1.01212e-05
1.01173e-05
1.01133e-05
1.01094e-05
1.01055e-05
1.01015e-05
1.00976e-05
1.00936e-05
1.00897e-05
1.00858e-05
1.00818e-05
1.00779e-05
1.0074e-05
1.00701e-05
1.00661e-05
1.00622e-05
1.00583e-05
1.00544e-05
1.00504e-05
1.00465e-05
1.00426e-05
1.00387e-05
1.00348e-05
1.00309e-05
1.0027e-05
1.0023e-05
1.00191e-05
1.00152e-05
1.00113e-05
1.00074e-05
1.00035e-05
9.99962e-06
