0.248352
0.162319
0.103655
0.0692979
0.0566611
0.0482601
0.0407136
0.0377812
0.0338424
0.0298942
0.0286002
0.0267449
0.0247351
0.0230261
0.0219456
0.0207832
0.0197405
0.0188804
0.0178738
0.0170345
0.0162722
0.0158474
0.0153034
0.014673
0.014018
0.0134792
0.0132045
0.0128549
0.0124465
0.0120407
0.0116937
0.0113055
0.0110457
0.0107774
0.0104743
0.0102271
0.010003
0.00974829
0.00946851
0.00925633
0.00902997
0.00884295
0.00869811
0.00852977
0.00834132
0.00813592
0.00796498
0.00778039
0.00764812
0.00753794
0.00741154
0.00727093
0.007118
0.00700308
0.00687809
0.00674198
0.00662465
0.00652959
0.00642396
0.00630897
0.00620765
0.00612347
0.00603006
0.0059284
0.00581945
0.00573293
0.00564591
0.00555233
0.0054798
0.0054165
0.00534623
0.00526964
0.00518734
0.0051113
0.00504113
0.00496575
0.0048857
0.00483369
0.00478062
0.00472257
0.00465996
0.00459322
0.00453936
0.00448628
0.00442914
0.00436829
0.00430408
0.00425934
0.0042115
0.00416026
0.00410591
0.00406266
0.00402223
0.00397859
0.00393197
0.00388261
0.00383801
0.00379461
0.00374868
0.00370042
0.00365872
0.00362777
0.00359423
0.00355829
0.00352009
0.00347981
0.0034465
0.00341307
0.00337761
0.00334026
0.00330244
0.00326725
0.00323446
0.00320472
0.00317325
0.00314016
0.0031123
0.00308633
0.00305871
0.00302955
0.00299895
0.00297275
0.00294537
0.00291664
0.00288666
0.00285669
0.00282703
0.00280361
0.00278192
0.00275897
0.00273482
0.00271028
0.00268991
0.00266837
0.00264575
0.00262323
0.00260185
0.00257947
0.00255617
0.002532
0.00250725
0.0024825
0.00246123
0.00244503
0.00242791
0.00240989
0.00239105
0.0023749
0.00235791
0.00234116
0.0023243
0.0023067
0.00228839
0.00226941
0.0022498
0.00222961
0.00221027
0.00219546
0.00218147
0.00216879
0.00215545
0.0021415
0.00212697
0.00211306
0.00209915
0.00208469
0.00206969
0.00205419
0.00203822
0.00202427
0.00201151
0.00199828
0.00198593
0.00197483
0.00196325
0.0019512
0.0019387
0.00192579
0.0019129
0.0019009
0.0018885
0.00187721
0.00186661
0.00185561
0.00184424
0.00183251
0.00182132
0.00181166
0.00180162
0.00179122
0.00178047
0.00176939
0.00175799
0.00174933
0.00174047
0.00173128
0.00172177
0.00171196
0.00170186
0.00169148
0.00168137
0.00167268
0.00166396
0.00165496
0.00164569
0.00163688
0.00162944
0.00162172
0.00161373
0.00160548
0.00159698
0.00158824
0.00157944
0.00157117
0.00156268
0.00155398
0.0015453
0.00153748
0.00153076
0.00152425
0.0015175
0.00151053
0.00150333
0.00149593
0.00148841
0.00148118
0.00147376
0.00146616
0.00145838
0.00145043
0.00144231
0.00143678
0.00143105
0.00142513
0.00141901
0.00141271
0.00140642
0.00140007
0.00139356
0.00138689
0.00138005
0.00137307
0.00136594
0.00135866
0.00135285
0.00134789
0.00134276
0.00133746
0.00133202
0.00132641
0.00132066
0.00131477
0.00130874
0.00130257
0.00129628
0.00128986
0.00128331
0.00127812
0.00127356
0.00126886
0.00126403
0.00125906
0.00125396
0.00124873
0.00124338
0.0012379
0.00123232
0.00122662
0.00122081
0.00121489
0.00121003
0.00120584
0.00120152
0.00119709
0.00119254
0.00118788
0.0011831
0.00117822
0.00117328
0.00116835
0.00116332
0.0011582
0.00115297
0.00114766
0.00114374
0.00113977
0.00113569
0.00113151
0.00112723
0.00112293
0.00111872
0.0011144
0.00111
0.0011055
0.00110092
0.00109625
0.0010915
0.00108668
0.00108281
0.00107904
0.00107518
0.00107148
0.00106777
0.00106398
0.0010601
0.00105613
0.00105209
0.00104797
0.00104378
0.00103951
0.00103517
0.00103077
0.00102653
0.00102333
0.00102005
0.00101669
0.00101325
0.00100974
0.00100616
0.00100251
0.000998788
0.000994999
0.000991143
0.000987224
0.000983242
0.000979199
0.000975204
0.000972217
0.000969161
0.000966037
0.000962846
0.00095959
0.000956271
0.00095289
0.000949448
0.000945947
0.000942388
0.000938773
0.000935103
0.00093138
0.000927605
0.000924756
0.000921899
0.000918982
0.000916007
0.000912975
0.000909888
0.000906746
0.000903551
0.000900304
0.000897006
0.000893659
0.000890263
0.000886821
0.000883333
0.000880483
0.000877803
0.000875071
0.000872288
0.000869455
0.000866573
0.000863643
0.000860667
0.000857644
0.000854658
0.000851675
0.00084865
0.000845582
0.000842474
0.000839326
0.000836493
0.000833982
0.000831532
0.000829038
0.0008265
0.000823919
0.000821297
0.000818633
0.00081593
0.000813187
0.000810406
0.000807588
0.000804733
0.000801843
0.000798918
0.000796215
0.000793943
0.000791631
0.00078928
0.000786891
0.000784465
0.000782003
0.000779505
0.000776972
0.000774405
0.000771804
0.000769171
0.000766506
0.00076381
0.000761084
0.000758555
0.000756403
0.000754217
0.000751996
0.000749743
0.000747457
0.000745139
0.00074279
0.000740411
0.000738002
0.000735563
0.000733096
0.000730601
0.00072808
0.000725531
0.000723128
0.000721086
0.000719045
0.000716995
0.000714916
0.000712809
0.000710675
0.000708515
0.000706328
0.000704116
0.000701879
0.000699617
0.000697331
0.000695022
0.000692691
0.000690578
0.000688709
0.000686815
0.000684895
0.00068295
0.00068098
0.000678987
0.00067697
0.000674929
0.000672867
0.000670782
0.000668675
0.000666548
0.000664399
0.000662231
0.000660043
0.000658162
0.000656381
0.000654577
0.000652752
0.000650905
0.000649037
0.000647148
0.000645238
0.000643309
0.00064136
0.000639392
0.000637406
0.000635401
0.000633378
0.000631338
0.000629517
0.000627838
0.00062614
0.000624424
0.000622689
0.000620937
0.000619167
0.00061738
0.000615576
0.000613755
0.000611919
0.000610067
0.000608199
0.000606317
0.000604525
0.000602974
0.000601406
0.00059982
0.000598219
0.000596601
0.000594967
0.000593318
0.000591653
0.000589973
0.000588279
0.00058657
0.000584847
0.000583111
0.000581361
0.000579598
0.000577822
0.000576293
0.000574808
0.000573308
0.000571795
0.000570267
0.000568725
0.000567169
0.000565601
0.000564019
0.000562424
0.000560817
0.000559198
0.000557566
0.000555924
0.000554443
0.000553041
0.000551626
0.000550198
0.000548759
0.000547308
0.000545845
0.000544371
0.000542886
0.00054139
0.000539883
0.000538366
0.000536839
0.000535301
0.000533755
0.000532391
0.000531082
0.000529762
0.000528431
0.000527089
0.000525736
0.000524373
0.000523
0.000521617
0.000520224
0.000518822
0.00051741
0.000515989
0.000514559
0.000513121
0.000511674
0.000510335
0.00050906
0.000507775
0.000506482
0.00050518
0.00050387
0.000502552
0.00050126
0.00049996
0.000498651
0.000497334
0.000496009
0.000494675
0.000493438
0.000492268
0.000491089
0.000489903
0.000488708
0.000487505
0.000486294
0.000485075
0.000483849
0.000482616
0.000481375
0.000480127
0.000478873
0.000477611
0.000476343
0.000475069
0.000473788
0.000472636
0.000471528
0.000470413
0.000469291
0.000468161
0.000467025
0.000465882
0.000464732
0.000463576
0.000462413
0.000461244
0.000460069
0.000458888
0.000457702
0.00045664
0.000455572
0.000454497
0.000453417
0.000452331
0.000451239
0.000450141
0.000449038
0.000447929
0.000446815
0.000445696
0.000444572
0.000443443
0.000442309
0.000441286
0.000440296
0.0004393
0.000438298
0.000437291
0.000436279
0.000435261
0.000434239
0.000433211
0.000432179
0.000431141
0.000430099
0.000429052
0.000428001
0.000426945
0.000425885
0.00042487
0.000423897
0.00042292
0.000421939
0.000420954
0.000419964
0.00041897
0.000417972
0.000416974
0.000416005
0.000415032
0.000414055
0.000413118
0.000412225
0.000411327
0.000410425
0.000409519
0.000408609
0.000407695
0.000406777
0.000405855
0.000404929
0.000404
0.000403067
0.00040213
0.00040119
0.000400247
0.0003993
0.00039835
0.000397397
0.000396461
0.000395614
0.000394764
0.000393911
0.000393053
0.000392192
0.000391328
0.00039046
0.000389589
0.000388715
0.000387894
0.000387095
0.000386338
0.000385592
0.000384843
0.000384091
0.000383336
0.000382579
0.000381819
0.000381057
0.000380292
0.000379525
0.000378756
0.000377984
0.00037721
0.000376433
0.000375668
0.000374952
0.000374233
0.000373511
0.000372787
0.000372061
0.000371333
0.000370602
0.000369869
0.000369134
0.000368396
0.000367657
0.000366916
0.000366172
0.000365427
0.000364704
0.000364013
0.00036332
0.000362624
0.000361927
0.000361227
0.000360526
0.000359822
0.000359117
0.000358409
0.0003577
0.000356989
0.000356276
0.000355561
0.000354844
0.000354158
0.000353491
0.000352823
0.000352152
0.000351479
0.000350805
0.000350129
0.000349451
0.000348771
0.00034809
0.000347407
0.000346722
0.000346036
0.000345348
0.000344659
0.000344005
0.000343361
0.00034273
0.00034211
0.000341489
0.000340866
0.000340241
0.000339615
0.000338987
0.000338358
0.000337727
0.000337094
0.00033646
0.000335825
0.000335188
0.000334568
0.000333976
0.000333381
0.000332785
0.000332188
0.000331589
0.000330988
0.000330387
0.000329783
0.000329179
0.000328573
0.000327965
0.000327357
0.000326747
0.000326136
0.000325523
0.000324941
0.000324369
0.000323795
0.00032322
0.000322644
0.000322066
0.000321487
0.000320907
0.000320325
0.000319743
0.000319159
0.000318574
0.000317988
0.000317401
0.000316813
0.000316224
0.000315672
0.000315119
0.000314566
0.00031401
0.000313454
0.000312897
0.000312338
0.000311779
0.000311218
0.000310656
0.000310093
0.00030953
0.000308965
0.000308399
0.000307833
0.000307273
0.00030674
0.000306206
0.000305671
0.000305135
0.000304611
0.000304088
0.000303564
0.000303039
0.000302513
0.000301986
0.000301458
0.00030093
0.00030041
0.000299914
0.000299417
0.00029892
0.000298421
0.000297922
0.000297421
0.00029692
0.000296417
0.000295914
0.00029541
0.000294905
0.000294399
0.000293892
0.000293385
0.000292877
0.000292368
0.00029188
0.000291401
0.000290922
0.000290441
0.00028996
0.000289477
0.000288994
0.000288511
0.000288026
0.000287541
0.000287054
0.000286568
0.00028608
0.000285592
0.000285103
0.000284613
0.000284123
0.000283661
0.000283199
0.000282735
0.000282271
0.000281806
0.000281341
0.000280874
0.000280407
0.00027994
0.000279471
0.000279002
0.000278533
0.000278063
0.000277592
0.00027712
0.000276649
0.000276182
0.000275735
0.000275288
0.00027484
0.000274392
0.000273943
0.000273493
0.000273043
0.000272592
0.000272141
0.000271689
0.000271236
0.000270806
0.000270387
0.000269967
0.000269546
0.000269125
0.000268703
0.000268281
0.000267858
0.000267434
0.00026701
0.000266585
0.00026616
0.000265735
0.000265308
0.000264882
0.000264454
0.000264027
0.000263623
0.000263219
0.000262813
0.000262408
0.000262001
0.000261595
0.000261187
0.000260779
0.000260371
0.000259962
0.000259553
0.000259143
0.000258733
0.000258323
0.000257912
0.0002575
0.000257089
0.000256683
0.000256293
0.000255902
0.00025551
0.000255118
0.000254726
0.000254333
0.000253939
0.000253546
0.000253151
0.000252757
0.000252362
0.000251967
0.000251571
0.000251175
0.000250778
0.000250382
0.000249985
0.000249596
0.000249219
0.00024884
0.000248462
0.000248083
0.000247704
0.000247324
0.000246945
0.000246564
0.000246184
0.000245803
0.000245422
0.00024504
0.000244658
0.000244276
0.000243918
0.000243559
0.000243199
0.00024284
0.00024248
0.000242119
0.000241758
0.000241397
0.000241036
0.000240674
0.000240313
0.00023995
0.000239596
0.000239252
0.000238907
0.000238562
0.000238217
0.000237871
0.000237525
0.000237179
0.000236832
0.000236485
0.000236138
0.00023579
0.000235442
0.000235094
0.000234746
0.000234397
0.000234048
0.000233699
0.00023335
0.000233012
0.000232679
0.000232345
0.000232012
0.000231678
0.000231344
0.00023101
0.000230675
0.000230341
0.000230005
0.00022967
0.000229335
0.000228999
0.000228663
0.000228327
0.00022799
0.000227654
0.000227317
0.00022698
0.000226653
0.000226331
0.000226009
0.000225687
0.000225364
0.000225041
0.000224718
0.000224395
0.000224072
0.000223748
0.000223424
0.0002231
0.000222776
0.000222452
0.000222128
0.000221803
0.000221478
0.000221153
0.000220828
0.000220508
0.000220198
0.000219889
0.00021958
0.000219271
0.000218962
0.000218653
0.000218354
0.000218059
0.000217763
0.000217467
0.000217171
0.000216875
0.000216579
0.000216282
0.000215985
0.000215688
0.000215391
0.000215094
0.000214796
0.000214498
0.000214201
0.000213903
0.000213605
0.000213306
0.000213008
0.000212709
0.000212421
0.000212136
0.00021185
0.000211564
0.000211278
0.000210992
0.000210705
0.000210419
0.000210132
0.000209845
0.000209558
0.000209271
0.000208984
0.000208696
0.000208409
0.000208121
0.000207834
0.000207546
0.000207258
0.00020697
0.000206688
0.000206412
0.000206136
0.000205859
0.000205583
0.000205306
0.000205029
0.000204753
0.000204476
0.000204199
0.000203921
0.000203644
0.000203367
0.000203089
0.000202812
0.000202534
0.000202256
0.000201979
0.000201701
0.000201423
0.000201145
0.000200877
0.00020061
0.000200343
0.000200076
0.000199809
0.000199541
0.000199274
0.000199006
0.000198739
0.000198472
0.000198216
0.000197961
0.000197705
0.000197449
0.000197193
0.000196937
0.000196681
0.000196425
0.000196168
0.000195912
0.000195656
0.000195399
0.000195143
0.000194886
0.000194629
0.000194378
0.000194131
0.000193885
0.000193638
0.000193391
0.000193145
0.000192898
0.000192651
0.000192404
0.000192157
0.000191909
0.000191662
0.000191415
0.000191167
0.00019092
0.000190672
0.000190425
0.000190177
0.000189929
0.000189682
0.000189434
0.000189186
0.000188947
0.000188709
0.00018847
0.000188232
0.000187993
0.000187755
0.000187516
0.000187277
0.000187039
0.0001868
0.000186561
0.000186322
0.000186083
0.000185844
0.000185605
0.000185366
0.000185127
0.000184888
0.000184649
0.00018441
0.000184171
0.000183932
0.0001837
0.00018347
0.000183239
0.000183009
0.000182778
0.000182548
0.000182317
0.000182086
0.000181856
0.000181625
0.000181394
0.000181164
0.000180933
0.000180702
0.000180471
0.000180241
0.000180017
0.000179795
0.000179573
0.000179351
0.000179129
0.000178907
0.000178685
0.000178463
0.000178246
0.000178032
0.000177818
0.000177604
0.00017739
0.000177176
0.000176962
0.000176748
0.000176534
0.00017632
0.000176106
0.000175891
0.000175677
0.000175463
0.000175249
0.000175034
0.00017482
0.000174606
0.000174391
0.000174177
0.000173963
0.000173748
0.000173534
0.000173324
0.000173117
0.00017291
0.000172704
0.000172497
0.00017229
0.000172083
0.000171876
0.000171669
0.000171462
0.000171255
0.000171048
0.000170841
0.000170634
0.000170428
0.000170221
0.000170014
0.000169807
0.0001696
0.000169393
0.000169186
0.000168979
0.000168772
0.000168565
0.000168365
0.000168166
0.000167966
0.000167766
0.000167566
0.000167366
0.000167166
0.000166966
0.000166766
0.000166566
0.000166367
0.000166167
0.000165967
0.000165767
0.000165567
0.000165368
0.000165168
0.000164968
0.000164768
0.000164569
0.000164369
0.000164169
0.00016397
0.000163772
0.000163586
0.0001634
0.000163213
0.000163027
0.00016284
0.000162654
0.000162467
0.000162281
0.000162094
0.000161908
0.000161721
0.000161535
0.000161348
0.000161162
0.000160975
0.000160789
0.000160602
0.000160416
0.00016023
0.000160043
0.000159857
0.000159671
0.000159484
0.000159299
0.000159119
0.000158939
0.000158759
0.000158579
0.000158398
0.000158218
0.000158038
0.000157858
0.000157678
0.000157497
0.000157317
0.000157137
0.000156957
0.000156777
0.000156597
0.000156417
0.000156237
0.000156057
0.000155877
0.000155697
0.000155517
0.000155337
0.000155157
0.000154978
0.000154798
0.000154624
0.00015445
0.000154276
0.000154102
0.000153927
0.000153753
0.000153579
0.000153405
0.000153231
0.000153057
0.000152883
0.000152709
0.000152536
0.000152362
0.000152188
0.000152014
0.00015184
0.000151667
0.000151493
0.000151319
0.000151146
0.000150972
0.000150799
0.000150625
0.000150452
0.000150279
0.000150111
0.000149943
0.000149775
0.000149607
0.000149439
0.000149276
0.000149113
0.00014895
0.000148787
0.000148624
0.000148461
0.000148298
0.000148135
0.000147972
0.000147809
0.000147646
0.000147484
0.000147321
0.000147158
0.000146995
0.000146833
0.00014667
0.000146512
0.000146354
0.000146196
0.000146038
0.000145881
0.000145723
0.000145566
0.000145408
0.000145251
0.000145093
0.000144936
0.000144778
0.000144621
0.000144463
0.000144306
0.000144149
0.000143991
0.000143834
0.000143677
0.00014352
0.000143363
0.000143206
0.000143049
0.000142892
0.000142735
0.000142578
0.000142421
0.000142267
0.000142115
0.000141963
0.000141811
0.000141658
0.000141506
0.000141354
0.000141202
0.00014105
0.000140898
0.000140746
0.000140594
0.000140442
0.00014029
0.000140138
0.000139986
0.000139835
0.000139683
0.000139531
0.00013938
0.000139228
0.000139076
0.000138925
0.000138774
0.000138622
0.000138471
0.00013832
0.000138168
0.000138021
0.000137874
0.000137727
0.00013758
0.000137434
0.000137287
0.00013714
0.000136993
0.000136846
0.0001367
0.000136553
0.000136407
0.000136263
0.00013612
0.000135978
0.000135835
0.000135692
0.00013555
0.000135407
0.000135265
0.000135122
0.000134984
0.000134845
0.000134707
0.000134568
0.00013443
0.000134292
0.000134153
0.000134015
0.000133877
0.000133739
0.000133601
0.000133463
0.000133324
0.000133186
0.000133048
0.000132911
0.000132773
0.000132635
0.000132497
0.000132359
0.000132221
0.000132084
0.000131946
0.000131809
0.000131671
0.000131533
0.000131396
0.000131259
0.000131121
0.000130988
0.000130854
0.00013072
0.000130587
0.000130453
0.00013032
0.000130186
0.000130053
0.00012992
0.000129786
0.000129653
0.00012952
0.000129387
0.000129253
0.00012912
0.000128987
0.000128854
0.000128721
0.000128588
0.000128456
0.000128323
0.00012819
0.000128057
0.000127925
0.000127792
0.00012766
0.000127527
0.000127395
0.000127262
0.000127131
0.000127002
0.000126873
0.000126744
0.000126615
0.000126486
0.000126358
0.000126229
0.0001261
0.000125972
0.000125843
0.000125715
0.000125586
0.000125458
0.00012533
0.000125201
0.000125073
0.000124945
0.000124817
0.000124689
0.000124561
0.000124439
0.000124317
0.000124195
0.000124074
0.000123952
0.00012383
0.000123709
0.000123587
0.000123465
0.000123344
0.000123222
0.000123101
0.000122979
0.000122858
0.000122736
0.000122615
0.000122494
0.000122373
0.000122252
0.00012213
0.000122009
0.000121888
0.000121767
0.000121646
0.000121525
0.000121405
0.000121284
0.000121163
0.000121042
0.000120922
0.000120802
0.000120685
0.000120567
0.00012045
0.000120332
0.000120215
0.000120097
0.00011998
0.000119863
0.000119746
0.000119628
0.000119511
0.000119394
0.000119277
0.00011916
0.000119043
0.000118926
0.000118809
0.000118692
0.000118576
0.000118459
0.000118342
0.000118226
0.000118109
0.000117992
0.000117876
0.000117759
0.000117643
0.000117527
0.000117411
0.000117294
0.000117178
0.000117063
0.00011695
0.000116837
0.000116723
0.00011661
0.000116497
0.000116384
0.000116271
0.000116158
0.000116045
0.000115932
0.000115819
0.000115706
0.000115593
0.000115481
0.000115368
0.000115255
0.000115143
0.00011503
0.000114918
0.000114805
0.000114693
0.000114581
0.000114469
0.00011436
0.000114253
0.000114145
0.000114038
0.000113931
0.000113824
0.000113716
0.000113609
0.000113502
0.000113395
0.000113288
0.000113181
0.000113074
0.000112967
0.000112861
0.000112754
0.000112647
0.00011254
0.000112434
0.000112327
0.000112221
0.000112114
0.000112008
0.000111901
0.000111795
0.000111689
0.000111582
0.000111476
0.000111373
0.000111269
0.000111165
0.000111062
0.000110958
0.000110854
0.000110751
0.000110648
0.000110544
0.000110441
0.000110338
0.000110234
0.000110131
0.000110028
0.000109925
0.000109822
0.000109719
0.000109616
0.000109513
0.00010941
0.000109307
0.000109204
0.000109102
0.000108999
0.000108896
0.000108794
0.000108691
0.000108589
0.000108486
0.000108384
0.000108282
0.000108179
0.000108077
0.000107975
0.000107874
0.000107774
0.000107674
0.000107575
0.000107475
0.000107375
0.000107275
0.000107176
0.000107076
0.000106977
0.000106877
0.000106778
0.000106679
0.000106579
0.00010648
0.000106381
0.000106282
0.000106183
0.000106084
0.000105985
0.000105886
0.000105787
0.000105688
0.000105589
0.000105491
0.000105392
0.000105293
0.000105196
0.000105101
0.000105006
0.000104912
0.000104817
0.000104722
0.000104628
0.000104533
0.000104439
0.000104345
0.00010425
0.000104156
0.000104062
0.000103967
0.000103873
0.000103779
0.000103685
0.000103591
0.000103497
0.000103403
0.000103309
0.000103215
0.000103121
0.000103028
0.000102934
0.000102841
0.000102749
0.000102658
0.000102566
0.000102475
0.000102383
0.000102292
0.0001022
0.000102109
0.000102018
0.000101926
0.000101835
0.000101744
0.000101653
0.000101562
0.000101471
0.00010138
0.000101289
0.000101198
0.000101107
0.000101016
0.000100925
0.000100835
0.000100744
0.000100653
0.000100563
0.000100472
0.000100382
0.000100291
0.000100201
0.00010011
0.00010002
9.99299e-05
9.98397e-05
9.97495e-05
9.96594e-05
9.95694e-05
9.94799e-05
9.93917e-05
9.93036e-05
9.92155e-05
9.91275e-05
9.90395e-05
9.89516e-05
9.88637e-05
9.87759e-05
9.86881e-05
9.86003e-05
9.85126e-05
9.8425e-05
9.83374e-05
9.82498e-05
9.81623e-05
9.80748e-05
9.79874e-05
9.79e-05
9.78127e-05
9.77254e-05
9.76382e-05
9.7551e-05
9.74639e-05
9.73768e-05
9.72898e-05
9.72028e-05
9.71159e-05
9.7029e-05
9.69421e-05
9.68553e-05
9.67705e-05
9.66868e-05
9.66031e-05
9.65195e-05
9.6436e-05
9.63524e-05
9.6269e-05
9.61855e-05
9.61021e-05
9.60188e-05
9.59354e-05
9.58522e-05
9.57689e-05
9.56858e-05
9.56026e-05
9.55195e-05
9.54365e-05
9.53535e-05
9.52705e-05
9.51876e-05
9.51047e-05
9.50219e-05
9.49397e-05
9.48586e-05
9.47775e-05
9.46965e-05
9.46155e-05
9.45345e-05
9.44536e-05
9.43727e-05
9.42919e-05
9.42111e-05
9.41303e-05
9.40496e-05
9.39689e-05
9.38883e-05
9.38077e-05
9.37271e-05
9.36466e-05
9.35662e-05
9.34858e-05
9.34054e-05
9.3325e-05
9.32448e-05
9.31645e-05
9.30843e-05
9.30041e-05
9.2924e-05
9.2844e-05
9.27639e-05
9.26839e-05
9.2604e-05
9.25241e-05
9.24443e-05
9.23645e-05
9.22847e-05
9.2205e-05
9.21253e-05
9.20457e-05
9.19661e-05
9.18866e-05
9.18071e-05
9.17283e-05
9.16504e-05
9.15726e-05
9.14947e-05
9.14169e-05
9.13392e-05
9.12615e-05
9.11838e-05
9.11062e-05
9.10286e-05
9.09511e-05
9.08736e-05
9.07961e-05
9.07187e-05
9.06414e-05
9.0564e-05
9.04868e-05
9.04095e-05
9.03323e-05
9.02552e-05
9.01781e-05
9.0101e-05
9.0024e-05
8.99471e-05
8.98701e-05
8.97933e-05
8.97164e-05
8.96396e-05
8.95629e-05
8.94862e-05
8.94095e-05
8.93329e-05
8.92564e-05
8.91799e-05
8.91052e-05
8.90312e-05
8.89572e-05
8.88833e-05
8.88094e-05
8.87355e-05
8.86617e-05
8.85879e-05
8.85141e-05
8.84404e-05
8.83668e-05
8.82931e-05
8.82196e-05
8.8146e-05
8.80725e-05
8.79991e-05
8.79256e-05
8.78523e-05
8.77789e-05
8.77056e-05
8.76335e-05
8.75616e-05
8.74898e-05
8.7418e-05
8.73462e-05
8.72745e-05
8.72028e-05
8.71311e-05
8.70595e-05
8.69879e-05
8.69164e-05
8.68449e-05
8.67734e-05
8.6702e-05
8.66306e-05
8.65593e-05
8.6488e-05
8.64167e-05
8.63455e-05
8.62743e-05
8.62032e-05
8.61321e-05
8.6061e-05
8.599e-05
8.5919e-05
8.58481e-05
8.57772e-05
8.57063e-05
8.56355e-05
8.55647e-05
8.5494e-05
8.54233e-05
8.53526e-05
8.5282e-05
8.52114e-05
8.51409e-05
8.50704e-05
8.49999e-05
8.49295e-05
8.48591e-05
8.47888e-05
8.47185e-05
8.46483e-05
8.45792e-05
8.45103e-05
8.44414e-05
8.43725e-05
8.43037e-05
8.42349e-05
8.41661e-05
8.40974e-05
8.40287e-05
8.39601e-05
8.38915e-05
8.3823e-05
8.37544e-05
8.3686e-05
8.36175e-05
8.35492e-05
8.34808e-05
8.34125e-05
8.33442e-05
8.3276e-05
8.32078e-05
8.31396e-05
8.30715e-05
8.30035e-05
8.29354e-05
8.28674e-05
8.27995e-05
8.27316e-05
8.26637e-05
8.25959e-05
8.25281e-05
8.24604e-05
8.23927e-05
8.2325e-05
8.22574e-05
8.21898e-05
8.21237e-05
8.20581e-05
8.19926e-05
8.19271e-05
8.18616e-05
8.17962e-05
8.17308e-05
8.16655e-05
8.16002e-05
8.15349e-05
8.14697e-05
8.14045e-05
8.13394e-05
8.12743e-05
8.12092e-05
8.11442e-05
8.10792e-05
8.10142e-05
8.09499e-05
8.08861e-05
8.08224e-05
8.07586e-05
8.0695e-05
8.06313e-05
8.05677e-05
8.05041e-05
8.04406e-05
8.03771e-05
8.03136e-05
8.02502e-05
8.01868e-05
8.01234e-05
8.00601e-05
7.99968e-05
7.99335e-05
7.98703e-05
7.98071e-05
7.9744e-05
7.96809e-05
7.96178e-05
7.95548e-05
7.94918e-05
7.94288e-05
7.93659e-05
7.9303e-05
7.92402e-05
7.91773e-05
7.91146e-05
7.90518e-05
7.89891e-05
7.89265e-05
7.88638e-05
7.88012e-05
7.87387e-05
7.86762e-05
7.86137e-05
7.85512e-05
7.84888e-05
7.84265e-05
7.83641e-05
7.83019e-05
7.82396e-05
7.81774e-05
7.81152e-05
7.80535e-05
7.79924e-05
7.79313e-05
7.78703e-05
7.78093e-05
7.77484e-05
7.76874e-05
7.76266e-05
7.75657e-05
7.75049e-05
7.74441e-05
7.73834e-05
7.73227e-05
7.7262e-05
7.72014e-05
7.71408e-05
7.70802e-05
7.70197e-05
7.69592e-05
7.68988e-05
7.68384e-05
7.6778e-05
7.67176e-05
7.66573e-05
7.65971e-05
7.65369e-05
7.64767e-05
7.64165e-05
7.63564e-05
7.62963e-05
7.62363e-05
7.61763e-05
7.61163e-05
7.60564e-05
7.59965e-05
7.59366e-05
7.58768e-05
7.5817e-05
7.57581e-05
7.56999e-05
7.56418e-05
7.55837e-05
7.55257e-05
7.54677e-05
7.54097e-05
7.53518e-05
7.52939e-05
7.5236e-05
7.51782e-05
7.51204e-05
7.50626e-05
7.50048e-05
7.49471e-05
7.48895e-05
7.48318e-05
7.47746e-05
7.4718e-05
7.46613e-05
7.46048e-05
7.45482e-05
7.44917e-05
7.44352e-05
7.43787e-05
7.43223e-05
7.42659e-05
7.42095e-05
7.41532e-05
7.40969e-05
7.40406e-05
7.39844e-05
7.39282e-05
7.3872e-05
7.38159e-05
7.37598e-05
7.37037e-05
7.36477e-05
7.35917e-05
7.35357e-05
7.34798e-05
7.34239e-05
7.3368e-05
7.33122e-05
7.32564e-05
7.32006e-05
7.31449e-05
7.30892e-05
7.30335e-05
7.29779e-05
7.29223e-05
7.28667e-05
7.28112e-05
7.27557e-05
7.27002e-05
7.26448e-05
7.25894e-05
7.2534e-05
7.24787e-05
7.24234e-05
7.23682e-05
7.23129e-05
7.22577e-05
7.22026e-05
7.21474e-05
7.20924e-05
7.20373e-05
7.1983e-05
7.19288e-05
7.18747e-05
7.18206e-05
7.17665e-05
7.17125e-05
7.16585e-05
7.16045e-05
7.15506e-05
7.14967e-05
7.14428e-05
7.1389e-05
7.13352e-05
7.12814e-05
7.12277e-05
7.1174e-05
7.11203e-05
7.10666e-05
7.1013e-05
7.09595e-05
7.09059e-05
7.08524e-05
7.07989e-05
7.07455e-05
7.06921e-05
7.06387e-05
7.05854e-05
7.05321e-05
7.04788e-05
7.04256e-05
7.03723e-05
7.03192e-05
7.0266e-05
7.02129e-05
7.01598e-05
7.01068e-05
7.00538e-05
7.00008e-05
6.99482e-05
6.98966e-05
6.9845e-05
6.97934e-05
6.97418e-05
6.96903e-05
6.96388e-05
6.95874e-05
6.9536e-05
6.94846e-05
6.94332e-05
6.93819e-05
6.93306e-05
6.92793e-05
6.92281e-05
6.91769e-05
6.91257e-05
6.90747e-05
6.90244e-05
6.8974e-05
6.89237e-05
6.88735e-05
6.88232e-05
6.8773e-05
6.87228e-05
6.86727e-05
6.86226e-05
6.85725e-05
6.85224e-05
6.84724e-05
6.84224e-05
6.83724e-05
6.83224e-05
6.82725e-05
6.82226e-05
6.81728e-05
6.8123e-05
6.80732e-05
6.80234e-05
6.79737e-05
6.7924e-05
6.78743e-05
6.78246e-05
6.7775e-05
6.77254e-05
6.76759e-05
6.76263e-05
6.75768e-05
6.75274e-05
6.74779e-05
6.74285e-05
6.73792e-05
6.73298e-05
6.72805e-05
6.72312e-05
6.7182e-05
6.71327e-05
6.70835e-05
6.70344e-05
6.69852e-05
6.69361e-05
6.68871e-05
6.6838e-05
6.6789e-05
6.674e-05
6.66911e-05
6.66422e-05
6.65933e-05
6.65444e-05
6.64956e-05
6.64468e-05
6.63987e-05
6.63507e-05
6.63026e-05
6.62546e-05
6.62067e-05
6.61587e-05
6.61108e-05
6.6063e-05
6.60151e-05
6.59673e-05
6.59195e-05
6.58717e-05
6.5824e-05
6.57763e-05
6.57286e-05
6.5681e-05
6.56334e-05
6.55858e-05
6.55383e-05
6.54907e-05
6.54432e-05
6.53958e-05
6.53483e-05
6.53009e-05
6.52536e-05
6.52062e-05
6.51589e-05
6.51116e-05
6.50644e-05
6.50171e-05
6.49699e-05
6.49228e-05
6.48756e-05
6.48285e-05
6.47814e-05
6.47344e-05
6.46874e-05
6.46404e-05
6.45945e-05
6.45486e-05
6.45027e-05
6.44569e-05
6.44111e-05
6.43653e-05
6.43196e-05
6.42738e-05
6.42281e-05
6.41825e-05
6.41368e-05
6.40912e-05
6.40456e-05
6.4e-05
6.39545e-05
6.3909e-05
6.38635e-05
6.38181e-05
6.37732e-05
6.37284e-05
6.36837e-05
6.3639e-05
6.35943e-05
6.35496e-05
6.3505e-05
6.34604e-05
6.34158e-05
6.33712e-05
6.33267e-05
6.32822e-05
6.32377e-05
6.31933e-05
6.31488e-05
6.31045e-05
6.30601e-05
6.30157e-05
6.29714e-05
6.29271e-05
6.28829e-05
6.28386e-05
6.27944e-05
6.27502e-05
6.27061e-05
6.26619e-05
6.26178e-05
6.25738e-05
6.25297e-05
6.24857e-05
6.24417e-05
6.23977e-05
6.23538e-05
6.23099e-05
6.2266e-05
6.22221e-05
6.21783e-05
6.21345e-05
6.20907e-05
6.2047e-05
6.20032e-05
6.19595e-05
6.19159e-05
6.18722e-05
6.18286e-05
6.1785e-05
6.17415e-05
6.16979e-05
6.16544e-05
6.16109e-05
6.15675e-05
6.15241e-05
6.14807e-05
6.14373e-05
6.13939e-05
6.13506e-05
6.13073e-05
6.12645e-05
6.12219e-05
6.11792e-05
6.11366e-05
6.1094e-05
6.10515e-05
6.10089e-05
6.09664e-05
6.09239e-05
6.08815e-05
6.08391e-05
6.07966e-05
6.07543e-05
6.07119e-05
6.06696e-05
6.06273e-05
6.0585e-05
6.05428e-05
6.05005e-05
6.04583e-05
6.04162e-05
6.0374e-05
6.03319e-05
6.02898e-05
6.02478e-05
6.02057e-05
6.01637e-05
6.01217e-05
6.00798e-05
6.00378e-05
5.99959e-05
5.9954e-05
5.99122e-05
5.98704e-05
5.98286e-05
5.97868e-05
5.97459e-05
5.9705e-05
5.96642e-05
5.96234e-05
5.95826e-05
5.95418e-05
5.95011e-05
5.94603e-05
5.94196e-05
5.9379e-05
5.93383e-05
5.92977e-05
5.92571e-05
5.92165e-05
5.9176e-05
5.91355e-05
5.9095e-05
5.90545e-05
5.9014e-05
5.89736e-05
5.89334e-05
5.88935e-05
5.88537e-05
5.88139e-05
5.87741e-05
5.87343e-05
5.86946e-05
5.86549e-05
5.86152e-05
5.85755e-05
5.85359e-05
5.84963e-05
5.84567e-05
5.84171e-05
5.83776e-05
5.83381e-05
5.82986e-05
5.82591e-05
5.82196e-05
5.81802e-05
5.81408e-05
5.81014e-05
5.80621e-05
5.80227e-05
5.79834e-05
5.79442e-05
5.79049e-05
5.78657e-05
5.78264e-05
5.77873e-05
5.77481e-05
5.7709e-05
5.76698e-05
5.76308e-05
5.75917e-05
5.75526e-05
5.75136e-05
5.74746e-05
5.74357e-05
5.73967e-05
5.73578e-05
5.73189e-05
5.728e-05
5.72412e-05
5.72023e-05
5.71635e-05
5.71248e-05
5.7086e-05
5.70473e-05
5.70086e-05
5.69699e-05
5.69312e-05
5.68926e-05
5.6854e-05
5.68154e-05
5.67768e-05
5.67383e-05
5.66998e-05
5.66613e-05
5.66228e-05
5.65844e-05
5.65461e-05
5.65082e-05
5.64703e-05
5.64324e-05
5.63946e-05
5.63568e-05
5.63189e-05
5.62812e-05
5.62434e-05
5.62057e-05
5.6168e-05
5.61303e-05
5.60926e-05
5.6055e-05
5.60174e-05
5.59798e-05
5.59422e-05
5.59047e-05
5.58671e-05
5.58296e-05
5.57922e-05
5.57547e-05
5.57173e-05
5.56799e-05
5.56425e-05
5.56051e-05
5.55678e-05
5.55305e-05
5.54932e-05
5.54559e-05
5.54187e-05
5.53815e-05
5.53445e-05
5.5308e-05
5.52716e-05
5.52351e-05
5.51987e-05
5.51623e-05
5.5126e-05
5.50896e-05
5.50533e-05
5.5017e-05
5.49808e-05
5.49445e-05
5.49083e-05
5.48721e-05
5.48359e-05
5.47997e-05
5.47636e-05
5.47275e-05
5.46914e-05
5.46553e-05
5.46193e-05
5.45832e-05
5.45472e-05
5.45112e-05
5.44753e-05
5.44395e-05
5.4404e-05
5.43686e-05
5.43331e-05
5.42977e-05
5.42623e-05
5.42269e-05
5.41916e-05
5.41562e-05
5.41209e-05
5.40856e-05
5.40504e-05
5.40151e-05
5.39799e-05
5.39447e-05
5.39095e-05
5.38743e-05
5.38392e-05
5.3804e-05
5.37689e-05
5.37338e-05
5.36988e-05
5.36637e-05
5.36287e-05
5.35937e-05
5.35588e-05
5.35238e-05
5.34889e-05
5.34539e-05
5.34191e-05
5.33842e-05
5.33493e-05
5.33145e-05
5.32797e-05
5.32449e-05
5.32102e-05
5.31754e-05
5.31407e-05
5.3106e-05
5.30713e-05
5.30367e-05
5.3002e-05
5.29674e-05
5.29328e-05
5.28982e-05
5.28637e-05
5.28292e-05
5.27946e-05
5.27602e-05
5.27257e-05
5.26912e-05
5.26568e-05
5.26224e-05
5.2588e-05
5.25537e-05
5.25193e-05
5.2485e-05
5.24507e-05
5.24165e-05
5.23822e-05
5.2348e-05
5.23138e-05
5.22796e-05
5.22454e-05
5.22113e-05
5.21772e-05
5.21435e-05
5.21098e-05
5.20762e-05
5.20425e-05
5.20089e-05
5.19753e-05
5.19417e-05
5.19081e-05
5.18746e-05
5.18411e-05
5.18076e-05
5.17741e-05
5.17406e-05
5.17072e-05
5.16738e-05
5.16404e-05
5.1607e-05
5.15736e-05
5.15403e-05
5.1507e-05
5.14737e-05
5.14404e-05
5.14072e-05
5.13739e-05
5.13407e-05
5.13076e-05
5.1275e-05
5.12424e-05
5.12098e-05
5.11773e-05
5.11448e-05
5.11123e-05
5.10798e-05
5.10474e-05
5.1015e-05
5.09825e-05
5.09502e-05
5.09178e-05
5.08854e-05
5.08531e-05
5.08208e-05
5.07885e-05
5.07562e-05
5.07239e-05
5.06917e-05
5.06595e-05
5.06273e-05
5.05951e-05
5.05629e-05
5.05308e-05
5.04987e-05
5.04666e-05
5.04345e-05
5.04024e-05
5.03704e-05
5.03384e-05
5.03065e-05
5.02748e-05
5.02432e-05
5.02117e-05
5.01801e-05
5.01485e-05
5.0117e-05
5.00855e-05
5.0054e-05
5.00225e-05
4.99911e-05
4.99597e-05
4.99282e-05
4.98968e-05
4.98655e-05
4.98341e-05
4.98028e-05
4.97714e-05
4.97401e-05
4.97089e-05
4.96776e-05
4.96463e-05
4.96151e-05
4.95839e-05
4.95527e-05
4.95215e-05
4.94904e-05
4.94593e-05
4.94281e-05
4.93971e-05
4.9366e-05
4.93349e-05
4.93039e-05
4.92729e-05
4.92419e-05
4.92109e-05
4.91799e-05
4.9149e-05
4.9118e-05
4.90871e-05
4.90562e-05
4.90254e-05
4.89945e-05
4.89637e-05
4.89329e-05
4.89021e-05
4.88713e-05
4.88405e-05
4.88098e-05
4.87791e-05
4.87484e-05
4.87177e-05
4.8687e-05
4.86564e-05
4.86258e-05
4.85952e-05
4.85646e-05
4.8534e-05
4.85035e-05
4.84729e-05
4.84424e-05
4.84119e-05
4.83815e-05
4.8351e-05
4.83206e-05
4.82901e-05
4.82597e-05
4.82294e-05
4.8199e-05
4.81687e-05
4.81385e-05
4.81086e-05
4.80786e-05
4.80487e-05
4.80187e-05
4.79888e-05
4.7959e-05
4.79291e-05
4.78992e-05
4.78694e-05
4.78396e-05
4.78098e-05
4.778e-05
4.77503e-05
4.77205e-05
4.76908e-05
4.76611e-05
4.76314e-05
4.7602e-05
4.75729e-05
4.75437e-05
4.75146e-05
4.74855e-05
4.74564e-05
4.74273e-05
4.73982e-05
4.73692e-05
4.73402e-05
4.73112e-05
4.72822e-05
4.72532e-05
4.72242e-05
4.71953e-05
4.71664e-05
4.71375e-05
4.71086e-05
4.70797e-05
4.70509e-05
4.7022e-05
4.69932e-05
4.69644e-05
4.69356e-05
4.69068e-05
4.68781e-05
4.68494e-05
4.68207e-05
4.6792e-05
4.67633e-05
4.67346e-05
4.6706e-05
4.66773e-05
4.66487e-05
4.66201e-05
4.65915e-05
4.6563e-05
4.65344e-05
4.65059e-05
4.64776e-05
4.64495e-05
4.64213e-05
4.63931e-05
4.6365e-05
4.63369e-05
4.63088e-05
4.62807e-05
4.62526e-05
4.62245e-05
4.61965e-05
4.61685e-05
4.61405e-05
4.61125e-05
4.60845e-05
4.60566e-05
4.60286e-05
4.60007e-05
4.59728e-05
4.59449e-05
4.5917e-05
4.58892e-05
4.58613e-05
4.58335e-05
4.58057e-05
4.57779e-05
4.57501e-05
4.57224e-05
4.56947e-05
4.56669e-05
4.56392e-05
4.56115e-05
4.55839e-05
4.55562e-05
4.55286e-05
4.55009e-05
4.54733e-05
4.54457e-05
4.54182e-05
4.53906e-05
4.53631e-05
4.53355e-05
4.5308e-05
4.52805e-05
4.52531e-05
4.52256e-05
4.51982e-05
4.51708e-05
4.51433e-05
4.5116e-05
4.50886e-05
4.50612e-05
4.50339e-05
4.50066e-05
4.49792e-05
4.4952e-05
4.49247e-05
4.48974e-05
4.48702e-05
4.4843e-05
4.48157e-05
4.47886e-05
4.47614e-05
4.47342e-05
4.47071e-05
4.46799e-05
4.46528e-05
4.46257e-05
4.45987e-05
4.45716e-05
4.45446e-05
4.45175e-05
4.44905e-05
4.44635e-05
4.44367e-05
4.441e-05
4.43833e-05
4.43567e-05
4.433e-05
4.43034e-05
4.42768e-05
4.42502e-05
4.4224e-05
4.41979e-05
4.41717e-05
4.41456e-05
4.41195e-05
4.40934e-05
4.40673e-05
4.40413e-05
4.40152e-05
4.39892e-05
4.39632e-05
4.39372e-05
4.39112e-05
4.38852e-05
4.38593e-05
4.38333e-05
4.38074e-05
4.37815e-05
4.37556e-05
4.37297e-05
4.37039e-05
4.3678e-05
4.36522e-05
4.36264e-05
4.36006e-05
4.35748e-05
4.3549e-05
4.35233e-05
4.34975e-05
4.34718e-05
4.34461e-05
4.34204e-05
4.33947e-05
4.33691e-05
4.33434e-05
4.33178e-05
4.32922e-05
4.32665e-05
4.3241e-05
4.32154e-05
4.31898e-05
4.31643e-05
4.31388e-05
4.31132e-05
4.30877e-05
4.30623e-05
4.30368e-05
4.30113e-05
4.29859e-05
4.29607e-05
4.29355e-05
4.29104e-05
4.28853e-05
4.28602e-05
4.28351e-05
4.281e-05
4.27849e-05
4.27599e-05
4.27349e-05
4.27098e-05
4.26848e-05
4.26598e-05
4.26349e-05
4.26099e-05
4.2585e-05
4.256e-05
4.25351e-05
4.25102e-05
4.24853e-05
4.24604e-05
4.24356e-05
4.24107e-05
4.23859e-05
4.23611e-05
4.23363e-05
4.23115e-05
4.22867e-05
4.2262e-05
4.22372e-05
4.22125e-05
4.21878e-05
4.21631e-05
4.21384e-05
4.21137e-05
4.20891e-05
4.20644e-05
4.20398e-05
4.20152e-05
4.19906e-05
4.1966e-05
4.19415e-05
4.19169e-05
4.18924e-05
4.18679e-05
4.18433e-05
4.18189e-05
4.17944e-05
4.17699e-05
4.17455e-05
4.1721e-05
4.16966e-05
4.16722e-05
4.16478e-05
4.16234e-05
4.15991e-05
4.15747e-05
4.15504e-05
4.15261e-05
4.15018e-05
4.14775e-05
4.14532e-05
4.14289e-05
4.14047e-05
4.13805e-05
4.13562e-05
4.1332e-05
4.13078e-05
4.12837e-05
4.12595e-05
4.12354e-05
4.12112e-05
4.11871e-05
4.1163e-05
4.11389e-05
4.11149e-05
4.10914e-05
4.10679e-05
4.10444e-05
4.1021e-05
4.09976e-05
4.09742e-05
4.09508e-05
4.09274e-05
4.0904e-05
4.08806e-05
4.08573e-05
4.08339e-05
4.08106e-05
4.07873e-05
4.0764e-05
4.07407e-05
4.07175e-05
4.06942e-05
4.0671e-05
4.06477e-05
4.06245e-05
4.06013e-05
4.05781e-05
4.05549e-05
4.05318e-05
4.05086e-05
4.04855e-05
4.04624e-05
4.04393e-05
4.04162e-05
4.03931e-05
4.037e-05
4.0347e-05
4.03239e-05
4.03009e-05
4.02779e-05
4.02549e-05
4.02319e-05
4.02089e-05
4.0186e-05
4.0163e-05
4.01401e-05
4.01172e-05
4.00942e-05
4.00713e-05
4.00485e-05
4.00256e-05
4.00027e-05
3.99799e-05
3.99571e-05
3.99343e-05
3.99115e-05
3.98887e-05
3.98659e-05
3.98431e-05
3.98204e-05
3.97977e-05
3.97749e-05
3.97522e-05
3.97296e-05
3.97071e-05
3.96847e-05
3.96623e-05
3.96398e-05
3.96174e-05
3.9595e-05
3.95726e-05
3.95502e-05
3.95279e-05
3.95055e-05
3.94832e-05
3.94609e-05
3.94385e-05
3.94162e-05
3.9394e-05
3.93717e-05
3.93494e-05
3.93272e-05
3.93049e-05
3.92827e-05
3.92605e-05
3.92383e-05
3.92161e-05
3.9194e-05
3.91718e-05
3.91497e-05
3.91275e-05
3.91054e-05
3.90833e-05
3.90612e-05
3.90391e-05
3.90171e-05
3.8995e-05
3.8973e-05
3.89509e-05
3.89289e-05
3.89069e-05
3.88849e-05
3.88629e-05
3.8841e-05
3.8819e-05
3.87971e-05
3.87752e-05
3.87532e-05
3.87313e-05
3.87094e-05
3.86876e-05
3.86657e-05
3.86439e-05
3.8622e-05
3.86002e-05
3.85784e-05
3.85566e-05
3.85348e-05
3.8513e-05
3.84913e-05
3.84695e-05
3.84478e-05
3.84261e-05
3.84043e-05
3.83827e-05
3.8361e-05
3.83393e-05
3.83176e-05
3.8296e-05
3.82744e-05
3.82527e-05
3.82311e-05
3.82095e-05
3.8188e-05
3.81664e-05
3.81453e-05
3.81243e-05
3.81032e-05
3.80822e-05
3.80611e-05
3.80401e-05
3.80191e-05
3.79981e-05
3.79772e-05
3.79562e-05
3.79352e-05
3.79143e-05
3.78934e-05
3.78724e-05
3.78515e-05
3.78306e-05
3.78098e-05
3.77889e-05
3.7768e-05
3.77472e-05
3.77263e-05
3.77055e-05
3.76847e-05
3.76639e-05
3.76431e-05
3.76223e-05
3.76016e-05
3.75808e-05
3.75601e-05
3.75393e-05
3.75186e-05
3.74979e-05
3.74772e-05
3.74565e-05
3.74359e-05
3.74152e-05
3.73945e-05
3.73739e-05
3.73533e-05
3.73327e-05
3.73121e-05
3.72915e-05
3.72709e-05
3.72503e-05
3.72298e-05
3.72092e-05
3.71887e-05
3.71682e-05
3.71477e-05
3.71272e-05
3.71067e-05
3.70862e-05
3.70658e-05
3.70453e-05
3.70249e-05
3.70045e-05
3.6984e-05
3.69636e-05
3.69433e-05
3.69229e-05
3.69025e-05
3.68821e-05
3.68618e-05
3.68415e-05
3.68212e-05
3.68008e-05
3.67805e-05
3.67603e-05
3.67401e-05
3.672e-05
3.66999e-05
3.66798e-05
3.66598e-05
3.66398e-05
3.66197e-05
3.65997e-05
3.65797e-05
3.65597e-05
3.65398e-05
3.65198e-05
3.64998e-05
3.64799e-05
3.64599e-05
3.644e-05
3.64201e-05
3.64002e-05
3.63803e-05
3.63604e-05
3.63406e-05
3.63207e-05
3.63009e-05
3.6281e-05
3.62612e-05
3.62414e-05
3.62216e-05
3.62018e-05
3.61821e-05
3.61623e-05
3.61425e-05
3.61228e-05
3.61031e-05
3.60833e-05
3.60636e-05
3.60439e-05
3.60242e-05
3.60046e-05
3.59849e-05
3.59653e-05
3.59456e-05
3.5926e-05
3.59064e-05
3.58868e-05
3.58672e-05
3.58476e-05
3.5828e-05
3.58084e-05
3.57889e-05
3.57694e-05
3.57498e-05
3.57303e-05
3.57108e-05
3.56913e-05
3.56718e-05
3.56523e-05
3.56329e-05
3.56134e-05
3.5594e-05
3.55746e-05
3.55552e-05
3.55357e-05
3.55164e-05
3.5497e-05
3.54776e-05
3.54582e-05
3.54393e-05
3.54204e-05
3.54014e-05
3.53825e-05
3.53636e-05
3.53447e-05
3.53259e-05
3.5307e-05
3.52881e-05
3.52693e-05
3.52505e-05
3.52316e-05
3.52128e-05
3.5194e-05
3.51752e-05
3.51564e-05
3.51377e-05
3.51189e-05
3.51001e-05
3.50814e-05
3.50627e-05
3.50439e-05
3.50252e-05
3.50065e-05
3.49878e-05
3.49692e-05
3.49505e-05
3.49318e-05
3.49132e-05
3.48945e-05
3.48759e-05
3.48573e-05
3.48387e-05
3.48201e-05
3.48015e-05
3.47829e-05
3.47644e-05
3.47458e-05
3.47272e-05
3.47087e-05
3.46902e-05
3.46717e-05
3.46532e-05
3.46347e-05
3.46162e-05
3.45977e-05
3.45793e-05
3.45608e-05
3.45424e-05
3.45239e-05
3.45055e-05
3.44871e-05
3.44687e-05
3.44503e-05
3.44319e-05
3.44135e-05
3.43952e-05
3.43768e-05
3.43585e-05
3.43402e-05
3.43218e-05
3.43035e-05
3.42852e-05
3.42669e-05
3.42487e-05
3.42304e-05
3.42121e-05
3.41939e-05
3.41757e-05
3.41574e-05
3.41392e-05
3.4121e-05
3.41028e-05
3.40846e-05
3.40665e-05
3.40483e-05
3.40301e-05
3.4012e-05
3.39938e-05
3.39758e-05
3.39578e-05
3.39399e-05
3.39219e-05
3.3904e-05
3.38861e-05
3.38682e-05
3.38503e-05
3.38324e-05
3.38145e-05
3.37966e-05
3.37788e-05
3.37609e-05
3.37431e-05
3.37252e-05
3.37074e-05
3.36896e-05
3.36718e-05
3.3654e-05
3.36362e-05
3.36184e-05
3.36007e-05
3.35829e-05
3.35652e-05
3.35474e-05
3.35297e-05
3.3512e-05
3.34943e-05
3.34766e-05
3.34589e-05
3.34412e-05
3.34236e-05
3.34059e-05
3.33883e-05
3.33706e-05
3.3353e-05
3.33354e-05
3.33178e-05
3.33002e-05
3.32826e-05
3.3265e-05
3.32475e-05
3.32299e-05
3.32124e-05
3.31948e-05
3.31773e-05
3.31598e-05
3.31423e-05
3.31248e-05
3.31073e-05
3.30898e-05
3.30723e-05
3.30549e-05
3.30374e-05
3.302e-05
3.30026e-05
3.29851e-05
3.29677e-05
3.29506e-05
3.29336e-05
3.29166e-05
3.28995e-05
3.28825e-05
3.28655e-05
3.28485e-05
3.28315e-05
3.28145e-05
3.27976e-05
3.27806e-05
3.27637e-05
3.27467e-05
3.27298e-05
3.27129e-05
3.26959e-05
3.2679e-05
3.26621e-05
3.26453e-05
3.26284e-05
3.26115e-05
3.25946e-05
3.25778e-05
3.25609e-05
3.25441e-05
3.25273e-05
3.25105e-05
3.24937e-05
3.24769e-05
3.24601e-05
3.24433e-05
3.24265e-05
3.24098e-05
3.2393e-05
3.23763e-05
3.23596e-05
3.23428e-05
3.23261e-05
3.23094e-05
3.22927e-05
3.2276e-05
3.22593e-05
3.22427e-05
3.2226e-05
3.22094e-05
3.21927e-05
3.21761e-05
3.21595e-05
3.21429e-05
3.21262e-05
3.21097e-05
3.20931e-05
3.20765e-05
3.20599e-05
3.20434e-05
3.20268e-05
3.20103e-05
3.19937e-05
3.19772e-05
3.19607e-05
3.19442e-05
3.19277e-05
3.19112e-05
3.18947e-05
3.18782e-05
3.18618e-05
3.18453e-05
3.18289e-05
3.18125e-05
3.1796e-05
3.17796e-05
3.17632e-05
3.17468e-05
3.17304e-05
3.1714e-05
3.16977e-05
3.16813e-05
3.1665e-05
3.16486e-05
3.16323e-05
3.1616e-05
3.15996e-05
3.15833e-05
3.1567e-05
3.15507e-05
3.15345e-05
3.15182e-05
3.15019e-05
3.14857e-05
3.14694e-05
3.14532e-05
3.1437e-05
3.14208e-05
3.14047e-05
3.13887e-05
3.13726e-05
3.13565e-05
3.13405e-05
3.13244e-05
3.13084e-05
3.12924e-05
3.12764e-05
3.12604e-05
3.12444e-05
3.12284e-05
3.12124e-05
3.11965e-05
3.11805e-05
3.11645e-05
3.11486e-05
3.11327e-05
3.11167e-05
3.11008e-05
3.10849e-05
3.1069e-05
3.10531e-05
3.10372e-05
3.10214e-05
3.10055e-05
3.09896e-05
3.09738e-05
3.0958e-05
3.09421e-05
3.09263e-05
3.09105e-05
3.08947e-05
3.08789e-05
3.08631e-05
3.08473e-05
3.08316e-05
3.08158e-05
3.08e-05
3.07843e-05
3.07686e-05
3.07528e-05
3.07371e-05
3.07214e-05
3.07058e-05
3.06903e-05
3.06748e-05
3.06593e-05
3.06438e-05
3.06283e-05
3.06128e-05
3.05974e-05
3.0582e-05
3.05667e-05
3.05514e-05
3.05361e-05
3.05208e-05
3.05055e-05
3.04902e-05
3.04749e-05
3.04596e-05
3.04443e-05
3.04291e-05
3.04138e-05
3.03986e-05
3.03834e-05
3.03681e-05
3.03529e-05
3.03377e-05
3.03225e-05
3.03073e-05
3.02921e-05
3.02769e-05
3.02618e-05
3.02466e-05
3.02314e-05
3.02163e-05
3.02012e-05
3.0186e-05
3.01709e-05
3.01558e-05
3.01407e-05
3.01256e-05
3.01105e-05
3.00954e-05
3.00803e-05
3.00653e-05
3.00502e-05
3.00352e-05
3.00201e-05
3.00051e-05
2.99901e-05
2.9975e-05
2.996e-05
2.9945e-05
2.993e-05
2.99151e-05
2.99001e-05
2.98851e-05
2.98701e-05
2.98552e-05
2.98402e-05
2.98253e-05
2.98104e-05
2.97955e-05
2.97805e-05
2.97656e-05
2.97507e-05
2.97358e-05
2.9721e-05
2.97061e-05
2.96912e-05
2.96764e-05
2.96615e-05
2.96467e-05
2.96318e-05
2.9617e-05
2.96022e-05
2.95874e-05
2.95726e-05
2.95578e-05
2.9543e-05
2.95282e-05
2.95134e-05
2.94987e-05
2.94839e-05
2.94692e-05
2.94544e-05
2.94397e-05
2.9425e-05
2.94102e-05
2.93955e-05
2.93808e-05
2.93661e-05
2.93515e-05
2.93368e-05
2.93221e-05
2.93074e-05
2.92928e-05
2.92781e-05
2.92635e-05
2.92489e-05
2.92343e-05
2.92196e-05
2.9205e-05
2.91904e-05
2.91758e-05
2.91613e-05
2.91467e-05
2.91321e-05
2.91176e-05
2.9103e-05
2.90885e-05
2.90739e-05
2.90594e-05
2.9045e-05
2.90306e-05
2.90162e-05
2.90018e-05
2.89874e-05
2.8973e-05
2.89587e-05
2.89443e-05
2.89299e-05
2.89156e-05
2.89013e-05
2.88869e-05
2.88726e-05
2.88583e-05
2.8844e-05
2.88297e-05
2.88154e-05
2.88011e-05
2.87868e-05
2.87726e-05
2.87583e-05
2.87441e-05
2.87298e-05
2.87156e-05
2.87013e-05
2.86871e-05
2.86731e-05
2.8659e-05
2.8645e-05
2.86309e-05
2.86169e-05
2.86028e-05
2.85888e-05
2.85748e-05
2.85608e-05
2.85468e-05
2.85328e-05
2.85188e-05
2.85048e-05
2.84909e-05
2.84769e-05
2.8463e-05
2.8449e-05
2.84351e-05
2.84211e-05
2.84072e-05
2.83933e-05
2.83794e-05
2.83655e-05
2.83516e-05
2.83377e-05
2.83238e-05
2.83101e-05
2.82963e-05
2.82825e-05
2.82688e-05
2.8255e-05
2.82413e-05
2.82276e-05
2.82138e-05
2.82001e-05
2.81864e-05
2.81727e-05
2.8159e-05
2.81453e-05
2.81316e-05
2.8118e-05
2.81043e-05
2.80906e-05
2.8077e-05
2.80633e-05
2.80497e-05
2.8036e-05
2.80224e-05
2.80088e-05
2.79952e-05
2.79816e-05
2.7968e-05
2.79544e-05
2.79408e-05
2.79272e-05
2.79136e-05
2.79001e-05
2.78865e-05
2.7873e-05
2.78594e-05
2.78459e-05
2.78324e-05
2.78189e-05
2.78053e-05
2.77918e-05
2.77783e-05
2.77648e-05
2.77513e-05
2.77379e-05
2.77244e-05
2.77109e-05
2.76975e-05
2.7684e-05
2.76706e-05
2.76571e-05
2.76437e-05
2.76303e-05
2.76169e-05
2.76035e-05
2.75901e-05
2.75767e-05
2.75633e-05
2.75499e-05
2.75365e-05
2.75231e-05
2.75098e-05
2.74964e-05
2.74831e-05
2.74697e-05
2.74564e-05
2.74431e-05
2.74298e-05
2.74165e-05
2.74031e-05
2.73898e-05
2.73766e-05
2.73633e-05
2.735e-05
2.73367e-05
2.73235e-05
2.73102e-05
2.7297e-05
2.72837e-05
2.72705e-05
2.72572e-05
2.7244e-05
2.72308e-05
2.72176e-05
2.72044e-05
2.71912e-05
2.7178e-05
2.71648e-05
2.71517e-05
2.71385e-05
2.71253e-05
2.71122e-05
2.7099e-05
2.70859e-05
2.70728e-05
2.70596e-05
2.70465e-05
2.70334e-05
2.70203e-05
2.70072e-05
2.69941e-05
2.6981e-05
2.69679e-05
2.69549e-05
2.69418e-05
2.69288e-05
2.69157e-05
2.69027e-05
2.68896e-05
2.68766e-05
2.68636e-05
2.68506e-05
2.68376e-05
2.68247e-05
2.68119e-05
2.67991e-05
2.67863e-05
2.67736e-05
2.67608e-05
2.67481e-05
2.67353e-05
2.67226e-05
2.67099e-05
2.66971e-05
2.66844e-05
2.66717e-05
2.6659e-05
2.66463e-05
2.66336e-05
2.6621e-05
2.66083e-05
2.65956e-05
2.6583e-05
2.65703e-05
2.65576e-05
2.6545e-05
2.65324e-05
2.65197e-05
2.65071e-05
2.64945e-05
2.64819e-05
2.64693e-05
2.64567e-05
2.64441e-05
2.64315e-05
2.64189e-05
2.64064e-05
2.63938e-05
2.63812e-05
2.63687e-05
2.63561e-05
2.63436e-05
2.63311e-05
2.63185e-05
2.6306e-05
2.62935e-05
2.6281e-05
2.62685e-05
2.6256e-05
2.62435e-05
2.6231e-05
2.62185e-05
2.62061e-05
2.61937e-05
2.61814e-05
2.6169e-05
2.61566e-05
2.61443e-05
2.61319e-05
2.61196e-05
2.61072e-05
2.60949e-05
2.60826e-05
2.60703e-05
2.6058e-05
2.60457e-05
2.60334e-05
2.60211e-05
2.60088e-05
2.59965e-05
2.59842e-05
2.5972e-05
2.59597e-05
2.59474e-05
2.59352e-05
2.5923e-05
2.59107e-05
2.58985e-05
2.58863e-05
2.5874e-05
2.58618e-05
2.58496e-05
2.58374e-05
2.58252e-05
2.5813e-05
2.58009e-05
2.57887e-05
2.57765e-05
2.57644e-05
2.57522e-05
2.57401e-05
2.57279e-05
2.57158e-05
2.57036e-05
2.56915e-05
2.56794e-05
2.56673e-05
2.56552e-05
2.56431e-05
2.5631e-05
2.56189e-05
2.56068e-05
2.55947e-05
2.55827e-05
2.55706e-05
2.55585e-05
2.55465e-05
2.55344e-05
2.55224e-05
2.55104e-05
2.54983e-05
2.54863e-05
2.54743e-05
2.54623e-05
2.54503e-05
2.54383e-05
2.54263e-05
2.54143e-05
2.54023e-05
2.53904e-05
2.53784e-05
2.53664e-05
2.53545e-05
2.53425e-05
2.53306e-05
2.53186e-05
2.53067e-05
2.52948e-05
2.52829e-05
2.5271e-05
2.52591e-05
2.52472e-05
2.52353e-05
2.52234e-05
2.52115e-05
2.51996e-05
2.51877e-05
2.51759e-05
2.5164e-05
2.51522e-05
2.51403e-05
2.51285e-05
2.51167e-05
2.51048e-05
2.5093e-05
2.50812e-05
2.50694e-05
2.50576e-05
2.50458e-05
2.5034e-05
2.50222e-05
2.50104e-05
2.49986e-05
2.49869e-05
2.49751e-05
2.49634e-05
2.49517e-05
2.49402e-05
2.49286e-05
2.49171e-05
2.49055e-05
2.4894e-05
2.48825e-05
2.48709e-05
2.48594e-05
2.48479e-05
2.48364e-05
2.48249e-05
2.48134e-05
2.48019e-05
2.47904e-05
2.47789e-05
2.47675e-05
2.4756e-05
2.47445e-05
2.47331e-05
2.47216e-05
2.47102e-05
2.46987e-05
2.46873e-05
2.46759e-05
2.46644e-05
2.4653e-05
2.46416e-05
2.46302e-05
2.46188e-05
2.46074e-05
2.4596e-05
2.45846e-05
2.45733e-05
2.45619e-05
2.45505e-05
2.45392e-05
2.45278e-05
2.45165e-05
2.45051e-05
2.44938e-05
2.44824e-05
2.44711e-05
2.44598e-05
2.44485e-05
2.44372e-05
2.44259e-05
2.44146e-05
2.44033e-05
2.4392e-05
2.43807e-05
2.43694e-05
2.43582e-05
2.43469e-05
2.43356e-05
2.43244e-05
2.43131e-05
2.43019e-05
2.42906e-05
2.42794e-05
2.42682e-05
2.4257e-05
2.42457e-05
2.42345e-05
2.42233e-05
2.42122e-05
2.42011e-05
2.419e-05
2.41788e-05
2.41677e-05
2.41566e-05
2.41455e-05
2.41345e-05
2.41234e-05
2.41123e-05
2.41012e-05
2.40901e-05
2.40791e-05
2.4068e-05
2.4057e-05
2.40459e-05
2.40349e-05
2.40239e-05
2.40128e-05
2.40018e-05
2.39908e-05
2.39798e-05
2.39688e-05
2.39578e-05
2.39468e-05
2.39358e-05
2.39248e-05
2.39138e-05
2.39028e-05
2.38919e-05
2.38809e-05
2.38699e-05
2.3859e-05
2.3848e-05
2.38371e-05
2.38261e-05
2.38152e-05
2.38043e-05
2.37934e-05
2.37824e-05
2.37715e-05
2.37606e-05
2.37497e-05
2.37388e-05
2.37279e-05
2.37171e-05
2.37062e-05
2.36953e-05
2.36844e-05
2.36736e-05
2.36627e-05
2.36519e-05
2.3641e-05
2.36302e-05
2.36193e-05
2.36085e-05
2.35977e-05
2.35869e-05
2.3576e-05
2.35652e-05
2.35544e-05
2.35436e-05
2.35328e-05
2.3522e-05
2.35113e-05
2.35005e-05
2.34897e-05
2.34789e-05
2.34682e-05
2.34574e-05
2.34467e-05
2.34359e-05
2.34252e-05
2.34145e-05
2.34037e-05
2.3393e-05
2.33823e-05
2.33716e-05
2.33609e-05
2.33502e-05
2.33395e-05
2.33288e-05
2.33181e-05
2.33074e-05
2.32967e-05
2.3286e-05
2.32754e-05
2.32647e-05
2.32541e-05
2.32434e-05
2.32328e-05
2.32221e-05
2.32115e-05
2.32009e-05
2.31905e-05
2.318e-05
2.31696e-05
2.31591e-05
2.31486e-05
2.31382e-05
2.31278e-05
2.31173e-05
2.31069e-05
2.30965e-05
2.30861e-05
2.30757e-05
2.30652e-05
2.30548e-05
2.30444e-05
2.30341e-05
2.30237e-05
2.30133e-05
2.30029e-05
2.29925e-05
2.29822e-05
2.29718e-05
2.29614e-05
2.29511e-05
2.29407e-05
2.29304e-05
2.29201e-05
2.29097e-05
2.28994e-05
2.28891e-05
2.28788e-05
2.28684e-05
2.28581e-05
2.28478e-05
2.28375e-05
2.28272e-05
2.2817e-05
2.28067e-05
2.27964e-05
2.27861e-05
2.27759e-05
2.27656e-05
2.27553e-05
2.27451e-05
2.27348e-05
2.27246e-05
2.27143e-05
2.27041e-05
2.26939e-05
2.26837e-05
2.26734e-05
2.26632e-05
2.2653e-05
2.26428e-05
2.26326e-05
2.26224e-05
2.26122e-05
2.2602e-05
2.25919e-05
2.25817e-05
2.25715e-05
2.25614e-05
2.25512e-05
2.2541e-05
2.25309e-05
2.25207e-05
2.25106e-05
2.25005e-05
2.24903e-05
2.24802e-05
2.24701e-05
2.246e-05
2.24499e-05
2.24398e-05
2.24297e-05
2.24196e-05
2.24095e-05
2.23994e-05
2.23893e-05
2.23792e-05
2.23691e-05
2.23591e-05
2.2349e-05
2.2339e-05
2.2329e-05
2.2319e-05
2.2309e-05
2.2299e-05
2.22891e-05
2.22791e-05
2.22691e-05
2.22592e-05
2.22492e-05
2.22392e-05
2.22293e-05
2.22194e-05
2.22094e-05
2.21995e-05
2.21896e-05
2.21796e-05
2.21697e-05
2.21598e-05
2.21499e-05
2.214e-05
2.21301e-05
2.21202e-05
2.21103e-05
2.21004e-05
2.20905e-05
2.20807e-05
2.20708e-05
2.20609e-05
2.20511e-05
2.20412e-05
2.20314e-05
2.20215e-05
2.20117e-05
2.20018e-05
2.1992e-05
2.19822e-05
2.19724e-05
2.19625e-05
2.19527e-05
2.19429e-05
2.19331e-05
2.19233e-05
2.19135e-05
2.19037e-05
2.18939e-05
2.18842e-05
2.18744e-05
2.18646e-05
2.18548e-05
2.18451e-05
2.18353e-05
2.18256e-05
2.18158e-05
2.18061e-05
2.17963e-05
2.17866e-05
2.17769e-05
2.17671e-05
2.17574e-05
2.17477e-05
2.1738e-05
2.17283e-05
2.17186e-05
2.17089e-05
2.16992e-05
2.16895e-05
2.16798e-05
2.16701e-05
2.16605e-05
2.16508e-05
2.16411e-05
2.16315e-05
2.16218e-05
2.16122e-05
2.16025e-05
2.15929e-05
2.15832e-05
2.15736e-05
2.1564e-05
2.15544e-05
2.15449e-05
2.15354e-05
2.15259e-05
2.15164e-05
2.1507e-05
2.14975e-05
2.1488e-05
2.14786e-05
2.14691e-05
2.14597e-05
2.14502e-05
2.14408e-05
2.14314e-05
2.14219e-05
2.14125e-05
2.14031e-05
2.13937e-05
2.13843e-05
2.13749e-05
2.13655e-05
2.13561e-05
2.13467e-05
2.13373e-05
2.13279e-05
2.13185e-05
2.13091e-05
2.12998e-05
2.12904e-05
2.1281e-05
2.12717e-05
2.12623e-05
2.1253e-05
2.12436e-05
2.12343e-05
2.1225e-05
2.12156e-05
2.12063e-05
2.1197e-05
2.11876e-05
2.11783e-05
2.1169e-05
2.11597e-05
2.11504e-05
2.11411e-05
2.11318e-05
2.11225e-05
2.11133e-05
2.1104e-05
2.10947e-05
2.10854e-05
2.10762e-05
2.10669e-05
2.10576e-05
2.10484e-05
2.10391e-05
2.10299e-05
2.10206e-05
2.10114e-05
2.10022e-05
2.09929e-05
2.09837e-05
2.09745e-05
2.09653e-05
2.09561e-05
2.09469e-05
2.09377e-05
2.09285e-05
2.09193e-05
2.09101e-05
2.09009e-05
2.08917e-05
2.08825e-05
2.08734e-05
2.08642e-05
2.0855e-05
2.08459e-05
2.08367e-05
2.08276e-05
2.08184e-05
2.08093e-05
2.08002e-05
2.0791e-05
2.07819e-05
2.07728e-05
2.07636e-05
2.07545e-05
2.07454e-05
2.07363e-05
2.07272e-05
2.07181e-05
2.0709e-05
2.06999e-05
2.06908e-05
2.06818e-05
2.06727e-05
2.06636e-05
2.06545e-05
2.06455e-05
2.06364e-05
2.06273e-05
2.06183e-05
2.06092e-05
2.06002e-05
2.05912e-05
2.05821e-05
2.05731e-05
2.05641e-05
2.0555e-05
2.05461e-05
2.05371e-05
2.05281e-05
2.05192e-05
2.05102e-05
2.05013e-05
2.04923e-05
2.04834e-05
2.04744e-05
2.04655e-05
2.04566e-05
2.04477e-05
2.04387e-05
2.04298e-05
2.04209e-05
2.0412e-05
2.04031e-05
2.03942e-05
2.03853e-05
2.03764e-05
2.03675e-05
2.03586e-05
2.03498e-05
2.03409e-05
2.0332e-05
2.03232e-05
2.03143e-05
2.03054e-05
2.02966e-05
2.02877e-05
2.02789e-05
2.027e-05
2.02612e-05
2.02524e-05
2.02435e-05
2.02347e-05
2.02259e-05
2.02171e-05
2.02083e-05
2.01995e-05
2.01906e-05
2.01818e-05
2.0173e-05
2.01643e-05
2.01555e-05
2.01467e-05
2.01379e-05
2.01291e-05
2.01204e-05
2.01116e-05
2.01028e-05
2.00941e-05
2.00853e-05
2.00766e-05
2.00678e-05
2.00591e-05
2.00503e-05
2.00416e-05
2.00329e-05
2.00241e-05
2.00154e-05
2.00067e-05
1.9998e-05
1.99893e-05
1.99806e-05
1.9972e-05
1.99634e-05
1.99549e-05
1.99463e-05
1.99377e-05
1.99291e-05
1.99206e-05
1.9912e-05
1.99034e-05
1.98949e-05
1.98863e-05
1.98778e-05
1.98692e-05
1.98607e-05
1.98521e-05
1.98436e-05
1.98351e-05
1.98266e-05
1.9818e-05
1.98095e-05
1.9801e-05
1.97925e-05
1.9784e-05
1.97755e-05
1.9767e-05
1.97585e-05
1.975e-05
1.97415e-05
1.9733e-05
1.97245e-05
1.97161e-05
1.97076e-05
1.96991e-05
1.96907e-05
1.96822e-05
1.96737e-05
1.96653e-05
1.96568e-05
1.96484e-05
1.964e-05
1.96315e-05
1.96231e-05
1.96147e-05
1.96062e-05
1.95978e-05
1.95894e-05
1.9581e-05
1.95726e-05
1.95642e-05
1.95558e-05
1.95474e-05
1.9539e-05
1.95306e-05
1.95222e-05
1.95138e-05
1.95054e-05
1.9497e-05
1.94887e-05
1.94803e-05
1.94719e-05
1.94636e-05
1.94552e-05
1.94469e-05
1.94385e-05
1.94302e-05
1.94218e-05
1.94135e-05
1.94052e-05
1.93968e-05
1.93885e-05
1.93802e-05
1.93719e-05
1.93635e-05
1.93552e-05
1.93469e-05
1.93386e-05
1.93303e-05
1.9322e-05
1.93137e-05
1.93054e-05
1.92972e-05
1.92889e-05
1.92806e-05
1.92723e-05
1.92641e-05
1.92558e-05
1.92475e-05
1.92393e-05
1.9231e-05
1.92228e-05
1.92145e-05
1.92063e-05
1.9198e-05
1.91898e-05
1.91816e-05
1.91733e-05
1.91651e-05
1.91569e-05
1.91487e-05
1.91405e-05
1.91322e-05
1.9124e-05
1.91158e-05
1.91076e-05
1.90994e-05
1.90912e-05
1.90831e-05
1.90749e-05
1.90667e-05
1.90585e-05
1.90503e-05
1.90422e-05
1.9034e-05
1.90259e-05
1.90177e-05
1.90095e-05
1.90014e-05
1.89932e-05
1.89851e-05
1.8977e-05
1.89688e-05
1.89607e-05
1.89526e-05
1.89444e-05
1.89363e-05
1.89282e-05
1.89201e-05
1.8912e-05
1.89039e-05
1.88958e-05
1.88877e-05
1.88796e-05
1.88715e-05
1.88634e-05
1.88553e-05
1.88472e-05
1.88392e-05
1.88311e-05
1.88231e-05
1.8815e-05
1.8807e-05
1.8799e-05
1.8791e-05
1.8783e-05
1.8775e-05
1.8767e-05
1.8759e-05
1.8751e-05
1.8743e-05
1.8735e-05
1.8727e-05
1.8719e-05
1.8711e-05
1.8703e-05
1.86951e-05
1.86871e-05
1.86791e-05
1.86712e-05
1.86632e-05
1.86553e-05
1.86473e-05
1.86394e-05
1.86314e-05
1.86235e-05
1.86156e-05
1.86076e-05
1.85997e-05
1.85918e-05
1.85838e-05
1.85759e-05
1.8568e-05
1.85601e-05
1.85522e-05
1.85443e-05
1.85364e-05
1.85285e-05
1.85206e-05
1.85127e-05
1.85048e-05
1.8497e-05
1.84892e-05
1.84814e-05
1.84735e-05
1.84657e-05
1.84579e-05
1.84501e-05
1.84424e-05
1.84346e-05
1.84268e-05
1.84191e-05
1.84113e-05
1.84036e-05
1.83958e-05
1.83881e-05
1.83804e-05
1.83726e-05
1.83649e-05
1.83572e-05
1.83494e-05
1.83417e-05
1.8334e-05
1.83263e-05
1.83186e-05
1.83109e-05
1.83032e-05
1.82955e-05
1.82878e-05
1.82801e-05
1.82724e-05
1.82647e-05
1.8257e-05
1.82493e-05
1.82417e-05
1.8234e-05
1.82263e-05
1.82187e-05
1.8211e-05
1.82033e-05
1.81957e-05
1.8188e-05
1.81804e-05
1.81727e-05
1.81651e-05
1.81574e-05
1.81498e-05
1.81422e-05
1.81345e-05
1.81269e-05
1.81193e-05
1.81117e-05
1.81041e-05
1.80964e-05
1.80888e-05
1.80812e-05
1.80736e-05
1.8066e-05
1.80584e-05
1.80508e-05
1.80432e-05
1.80357e-05
1.80281e-05
1.80205e-05
1.80129e-05
1.80054e-05
1.79978e-05
1.79902e-05
1.79827e-05
1.79751e-05
1.79675e-05
1.796e-05
1.79524e-05
1.79449e-05
1.79374e-05
1.79298e-05
1.79223e-05
1.79147e-05
1.79072e-05
1.78997e-05
1.78922e-05
1.78847e-05
1.78771e-05
1.78696e-05
1.78621e-05
1.78546e-05
1.78471e-05
1.78396e-05
1.78321e-05
1.78246e-05
1.78171e-05
1.78096e-05
1.78022e-05
1.77947e-05
1.77872e-05
1.77797e-05
1.77723e-05
1.77648e-05
1.77573e-05
1.77499e-05
1.77424e-05
1.7735e-05
1.77275e-05
1.77201e-05
1.77126e-05
1.77052e-05
1.76978e-05
1.76903e-05
1.76829e-05
1.76755e-05
1.7668e-05
1.76606e-05
1.76532e-05
1.76458e-05
1.76384e-05
1.7631e-05
1.76236e-05
1.76162e-05
1.76088e-05
1.76014e-05
1.7594e-05
1.75866e-05
1.75792e-05
1.75719e-05
1.75645e-05
1.75571e-05
1.75497e-05
1.75424e-05
1.7535e-05
1.75276e-05
1.75203e-05
1.75129e-05
1.75056e-05
1.74982e-05
1.74909e-05
1.74835e-05
1.74762e-05
1.74689e-05
1.74615e-05
1.74542e-05
1.74469e-05
1.74396e-05
1.74322e-05
1.74249e-05
1.74176e-05
1.74103e-05
1.7403e-05
1.73957e-05
1.73884e-05
1.73811e-05
1.73738e-05
1.73665e-05
1.73592e-05
1.7352e-05
1.73447e-05
1.73374e-05
1.73301e-05
1.73229e-05
1.73156e-05
1.73083e-05
1.73011e-05
1.72938e-05
1.72866e-05
1.72793e-05
1.72721e-05
1.72648e-05
1.72576e-05
1.72503e-05
1.72431e-05
1.72359e-05
1.72287e-05
1.72214e-05
1.72142e-05
1.7207e-05
1.71998e-05
1.71926e-05
1.71854e-05
1.71782e-05
1.71709e-05
1.71638e-05
1.71567e-05
1.71496e-05
1.71425e-05
1.71354e-05
1.71282e-05
1.71211e-05
1.7114e-05
1.7107e-05
1.70999e-05
1.70928e-05
1.70857e-05
1.70786e-05
1.70715e-05
1.70644e-05
1.70574e-05
1.70503e-05
1.70432e-05
1.70362e-05
1.70291e-05
1.7022e-05
1.7015e-05
1.70079e-05
1.70009e-05
1.69938e-05
1.69868e-05
1.69797e-05
1.69727e-05
1.69657e-05
1.69586e-05
1.69516e-05
1.69446e-05
1.69376e-05
1.69305e-05
1.69235e-05
1.69165e-05
1.69095e-05
1.69025e-05
1.68955e-05
1.68885e-05
1.68815e-05
1.68745e-05
1.68675e-05
1.68605e-05
1.68535e-05
1.68465e-05
1.68395e-05
1.68326e-05
1.68256e-05
1.68186e-05
1.68117e-05
1.68047e-05
1.67978e-05
1.67909e-05
1.67839e-05
1.6777e-05
1.67701e-05
1.67632e-05
1.67563e-05
1.67493e-05
1.67424e-05
1.67355e-05
1.67286e-05
1.67217e-05
1.67148e-05
1.67079e-05
1.6701e-05
1.66941e-05
1.66873e-05
1.66804e-05
1.66735e-05
1.66666e-05
1.66598e-05
1.66529e-05
1.6646e-05
1.66391e-05
1.66323e-05
1.66254e-05
1.66186e-05
1.66117e-05
1.66049e-05
1.6598e-05
1.65912e-05
1.65843e-05
1.65775e-05
1.65707e-05
1.65638e-05
1.6557e-05
1.65502e-05
1.65433e-05
1.65365e-05
1.65297e-05
1.65229e-05
1.65161e-05
1.65093e-05
1.65025e-05
1.64957e-05
1.64889e-05
1.64821e-05
1.64753e-05
1.64685e-05
1.64617e-05
1.64549e-05
1.64481e-05
1.64413e-05
1.64346e-05
1.64278e-05
1.6421e-05
1.64143e-05
1.64075e-05
1.64007e-05
1.6394e-05
1.63872e-05
1.63805e-05
1.63737e-05
1.6367e-05
1.63602e-05
1.63535e-05
1.63467e-05
1.634e-05
1.63333e-05
1.63265e-05
1.63198e-05
1.63131e-05
1.63064e-05
1.62996e-05
1.62929e-05
1.62862e-05
1.62795e-05
1.62728e-05
1.62661e-05
1.62594e-05
1.62527e-05
1.6246e-05
1.62393e-05
1.62326e-05
1.62259e-05
1.62192e-05
1.62126e-05
1.62059e-05
1.61992e-05
1.61925e-05
1.61859e-05
1.61792e-05
1.61725e-05
1.61659e-05
1.61592e-05
1.61526e-05
1.61459e-05
1.61393e-05
1.61326e-05
1.6126e-05
1.61193e-05
1.61127e-05
1.61061e-05
1.60994e-05
1.60928e-05
1.60862e-05
1.60796e-05
1.60729e-05
1.60663e-05
1.60597e-05
1.60531e-05
1.60465e-05
1.60399e-05
1.60333e-05
1.60267e-05
1.60201e-05
1.60135e-05
1.60069e-05
1.60003e-05
1.59937e-05
1.59871e-05
1.59805e-05
1.5974e-05
1.59674e-05
1.59608e-05
1.59542e-05
1.59477e-05
1.59411e-05
1.59346e-05
1.5928e-05
1.59214e-05
1.59149e-05
1.59083e-05
1.59018e-05
1.58952e-05
1.58887e-05
1.58822e-05
1.58756e-05
1.58691e-05
1.58626e-05
1.5856e-05
1.58495e-05
1.5843e-05
1.58365e-05
1.583e-05
1.58235e-05
1.58169e-05
1.58104e-05
1.58039e-05
1.57974e-05
1.57909e-05
1.57844e-05
1.57779e-05
1.57714e-05
1.5765e-05
1.57585e-05
1.5752e-05
1.57455e-05
1.57391e-05
1.57327e-05
1.57262e-05
1.57198e-05
1.57134e-05
1.5707e-05
1.57006e-05
1.56942e-05
1.56879e-05
1.56815e-05
1.56751e-05
1.56687e-05
1.56623e-05
1.56559e-05
1.56496e-05
1.56432e-05
1.56368e-05
1.56305e-05
1.56241e-05
1.56177e-05
1.56114e-05
1.5605e-05
1.55987e-05
1.55923e-05
1.5586e-05
1.55796e-05
1.55733e-05
1.55669e-05
1.55606e-05
1.55542e-05
1.55479e-05
1.55416e-05
1.55353e-05
1.55289e-05
1.55226e-05
1.55163e-05
1.551e-05
1.55037e-05
1.54974e-05
1.5491e-05
1.54847e-05
1.54784e-05
1.54721e-05
1.54658e-05
1.54595e-05
1.54532e-05
1.5447e-05
1.54407e-05
1.54344e-05
1.54281e-05
1.54218e-05
1.54155e-05
1.54093e-05
1.5403e-05
1.53967e-05
1.53905e-05
1.53842e-05
1.53779e-05
1.53717e-05
1.53654e-05
1.53592e-05
1.53529e-05
1.53467e-05
1.53404e-05
1.53342e-05
1.5328e-05
1.53217e-05
1.53155e-05
1.53093e-05
1.5303e-05
1.52968e-05
1.52906e-05
1.52844e-05
1.52781e-05
1.52719e-05
1.52657e-05
1.52595e-05
1.52533e-05
1.52471e-05
1.52409e-05
1.52347e-05
1.52285e-05
1.52223e-05
1.52161e-05
1.52099e-05
1.52037e-05
1.51975e-05
1.51913e-05
1.51852e-05
1.5179e-05
1.51728e-05
1.51667e-05
1.51606e-05
1.51544e-05
1.51483e-05
1.51421e-05
1.5136e-05
1.51299e-05
1.51237e-05
1.51176e-05
1.51115e-05
1.51054e-05
1.50992e-05
1.50931e-05
1.5087e-05
1.50809e-05
1.50748e-05
1.50687e-05
1.50626e-05
1.50565e-05
1.50504e-05
1.50443e-05
1.50382e-05
1.50321e-05
1.5026e-05
1.50199e-05
1.50138e-05
1.50077e-05
1.50016e-05
1.49956e-05
1.49895e-05
1.49834e-05
1.49774e-05
1.49713e-05
1.49652e-05
1.49592e-05
1.49531e-05
1.4947e-05
1.4941e-05
1.49349e-05
1.49289e-05
1.49228e-05
1.49168e-05
1.49108e-05
1.49047e-05
1.48987e-05
1.48927e-05
1.48866e-05
1.48806e-05
1.48746e-05
1.48685e-05
1.48625e-05
1.48565e-05
1.48505e-05
1.48445e-05
1.48385e-05
1.48325e-05
1.48264e-05
1.48204e-05
1.48144e-05
1.48084e-05
1.48025e-05
1.47965e-05
1.47905e-05
1.47845e-05
1.47785e-05
1.47725e-05
1.47665e-05
1.47606e-05
1.47546e-05
1.47486e-05
1.47426e-05
1.47367e-05
1.47307e-05
1.47247e-05
1.47188e-05
1.47128e-05
1.47069e-05
1.47009e-05
1.4695e-05
1.4689e-05
1.46831e-05
1.46771e-05
1.46712e-05
1.46652e-05
1.46593e-05
1.46534e-05
1.46474e-05
1.46415e-05
1.46356e-05
1.46297e-05
1.46237e-05
1.46178e-05
1.46119e-05
1.4606e-05
1.46001e-05
1.45942e-05
1.45883e-05
1.45824e-05
1.45765e-05
1.45706e-05
1.45647e-05
1.45588e-05
1.45529e-05
1.4547e-05
1.45411e-05
1.45352e-05
1.45294e-05
1.45235e-05
1.45176e-05
1.45117e-05
1.45059e-05
1.45e-05
1.44941e-05
1.44883e-05
1.44824e-05
1.44765e-05
1.44707e-05
1.44648e-05
1.4459e-05
1.44531e-05
1.44473e-05
1.44414e-05
1.44356e-05
1.44298e-05
1.44239e-05
1.44181e-05
1.44123e-05
1.44064e-05
1.44006e-05
1.43948e-05
1.4389e-05
1.43831e-05
1.43773e-05
1.43715e-05
1.43657e-05
1.43599e-05
1.43541e-05
1.43483e-05
1.43425e-05
1.43367e-05
1.43309e-05
1.43252e-05
1.43194e-05
1.43137e-05
1.43079e-05
1.43022e-05
1.42965e-05
1.42907e-05
1.4285e-05
1.42793e-05
1.42736e-05
1.42678e-05
1.42621e-05
1.42564e-05
1.42507e-05
1.4245e-05
1.42393e-05
1.42336e-05
1.42279e-05
1.42221e-05
1.42164e-05
1.42108e-05
1.42051e-05
1.41994e-05
1.41937e-05
1.4188e-05
1.41823e-05
1.41766e-05
1.41709e-05
1.41653e-05
1.41596e-05
1.41539e-05
1.41482e-05
1.41426e-05
1.41369e-05
1.41312e-05
1.41256e-05
1.41199e-05
1.41142e-05
1.41086e-05
1.41029e-05
1.40973e-05
1.40916e-05
1.4086e-05
1.40804e-05
1.40747e-05
1.40691e-05
1.40634e-05
1.40578e-05
1.40522e-05
1.40465e-05
1.40409e-05
1.40353e-05
1.40297e-05
1.4024e-05
1.40184e-05
1.40128e-05
1.40072e-05
1.40016e-05
1.3996e-05
1.39904e-05
1.39848e-05
1.39792e-05
1.39736e-05
1.3968e-05
1.39624e-05
1.39568e-05
1.39512e-05
1.39456e-05
1.394e-05
1.39344e-05
1.39288e-05
1.39233e-05
1.39177e-05
1.39121e-05
1.39065e-05
1.3901e-05
1.38954e-05
1.38898e-05
1.38843e-05
1.38787e-05
1.38732e-05
1.38676e-05
1.3862e-05
1.38565e-05
1.38509e-05
1.38454e-05
1.38399e-05
1.38343e-05
1.38288e-05
1.38232e-05
1.38177e-05
1.38122e-05
1.38066e-05
1.38011e-05
1.37956e-05
1.37901e-05
1.37845e-05
1.3779e-05
1.37735e-05
1.3768e-05
1.37625e-05
1.3757e-05
1.37515e-05
1.3746e-05
1.37404e-05
1.37349e-05
1.37294e-05
1.3724e-05
1.37185e-05
1.3713e-05
1.37075e-05
1.3702e-05
1.36965e-05
1.3691e-05
1.36855e-05
1.36801e-05
1.36746e-05
1.36691e-05
1.36636e-05
1.36582e-05
1.36527e-05
1.36472e-05
1.36418e-05
1.36363e-05
1.36309e-05
1.36254e-05
1.36199e-05
1.36145e-05
1.3609e-05
1.36036e-05
1.35982e-05
1.35927e-05
1.35873e-05
1.35818e-05
1.35764e-05
1.3571e-05
1.35655e-05
1.35601e-05
1.35547e-05
1.35493e-05
1.35438e-05
1.35384e-05
1.3533e-05
1.35276e-05
1.35222e-05
1.35168e-05
1.35114e-05
1.3506e-05
1.35006e-05
1.34952e-05
1.34898e-05
1.34845e-05
1.34791e-05
1.34737e-05
1.34683e-05
1.3463e-05
1.34576e-05
1.34523e-05
1.3447e-05
1.34417e-05
1.34363e-05
1.3431e-05
1.34257e-05
1.34204e-05
1.34151e-05
1.34097e-05
1.34044e-05
1.33991e-05
1.33938e-05
1.33885e-05
1.33832e-05
1.33779e-05
1.33726e-05
1.33673e-05
1.3362e-05
1.33567e-05
1.33514e-05
1.33461e-05
1.33409e-05
1.33356e-05
1.33303e-05
1.3325e-05
1.33197e-05
1.33145e-05
1.33092e-05
1.33039e-05
1.32986e-05
1.32934e-05
1.32881e-05
1.32829e-05
1.32776e-05
1.32723e-05
1.32671e-05
1.32618e-05
1.32566e-05
1.32513e-05
1.32461e-05
1.32408e-05
1.32356e-05
1.32303e-05
1.32251e-05
1.32199e-05
1.32146e-05
1.32094e-05
1.32042e-05
1.31989e-05
1.31937e-05
1.31885e-05
1.31833e-05
1.3178e-05
1.31728e-05
1.31676e-05
1.31624e-05
1.31572e-05
1.3152e-05
1.31468e-05
1.31416e-05
1.31364e-05
1.31312e-05
1.3126e-05
1.31208e-05
1.31156e-05
1.31104e-05
1.31052e-05
1.31e-05
1.30948e-05
1.30896e-05
1.30844e-05
1.30793e-05
1.30741e-05
1.30689e-05
1.30637e-05
1.30586e-05
1.30534e-05
1.30482e-05
1.30431e-05
1.30379e-05
1.30327e-05
1.30276e-05
1.30224e-05
1.30173e-05
1.30121e-05
1.3007e-05
1.30018e-05
1.29967e-05
1.29915e-05
1.29864e-05
1.29812e-05
1.29761e-05
1.2971e-05
1.29658e-05
1.29607e-05
1.29556e-05
1.29505e-05
1.29453e-05
1.29402e-05
1.29351e-05
1.293e-05
1.29248e-05
1.29197e-05
1.29146e-05
1.29095e-05
1.29044e-05
1.28993e-05
1.28942e-05
1.28891e-05
1.2884e-05
1.28789e-05
1.28738e-05
1.28687e-05
1.28636e-05
1.28585e-05
1.28534e-05
1.28483e-05
1.28433e-05
1.28382e-05
1.28331e-05
1.2828e-05
1.28229e-05
1.28179e-05
1.28128e-05
1.28077e-05
1.28027e-05
1.27976e-05
1.27925e-05
1.27875e-05
1.27824e-05
1.27774e-05
1.27723e-05
1.27672e-05
1.27622e-05
1.27571e-05
1.27521e-05
1.27471e-05
1.2742e-05
1.2737e-05
1.27319e-05
1.27269e-05
1.27219e-05
1.27168e-05
1.27118e-05
1.27068e-05
1.27017e-05
1.26967e-05
1.26917e-05
1.26867e-05
1.26817e-05
1.26766e-05
1.26716e-05
1.26666e-05
1.26616e-05
1.26566e-05
1.26516e-05
1.26466e-05
1.26416e-05
1.26366e-05
1.26316e-05
1.26266e-05
1.26216e-05
1.26166e-05
1.26116e-05
1.26066e-05
1.26016e-05
1.25967e-05
1.25917e-05
1.25867e-05
1.25817e-05
1.25767e-05
1.25718e-05
1.25668e-05
1.25618e-05
1.25569e-05
1.25519e-05
1.25469e-05
1.2542e-05
1.2537e-05
1.25321e-05
1.25271e-05
1.25221e-05
1.25172e-05
1.25122e-05
1.25073e-05
1.25024e-05
1.24974e-05
1.24925e-05
1.24875e-05
1.24826e-05
1.24777e-05
1.24727e-05
1.24678e-05
1.24629e-05
1.24579e-05
1.2453e-05
1.24481e-05
1.24432e-05
1.24382e-05
1.24333e-05
1.24284e-05
1.24235e-05
1.24186e-05
1.24137e-05
1.24088e-05
1.24039e-05
1.2399e-05
1.23941e-05
1.23892e-05
1.23843e-05
1.23794e-05
1.23745e-05
1.23696e-05
1.23647e-05
1.23598e-05
1.23549e-05
1.235e-05
1.23452e-05
1.23403e-05
1.23354e-05
1.23305e-05
1.23257e-05
1.23208e-05
1.23159e-05
1.2311e-05
1.23062e-05
1.23013e-05
1.22965e-05
1.22916e-05
1.22868e-05
1.22819e-05
1.22771e-05
1.22723e-05
1.22675e-05
1.22627e-05
1.22578e-05
1.2253e-05
1.22482e-05
1.22434e-05
1.22386e-05
1.22338e-05
1.2229e-05
1.22242e-05
1.22194e-05
1.22146e-05
1.22098e-05
1.22051e-05
1.22003e-05
1.21955e-05
1.21907e-05
1.21859e-05
1.21811e-05
1.21764e-05
1.21716e-05
1.21668e-05
1.2162e-05
1.21573e-05
1.21525e-05
1.21477e-05
1.2143e-05
1.21382e-05
1.21334e-05
1.21287e-05
1.21239e-05
1.21192e-05
1.21144e-05
1.21097e-05
1.21049e-05
1.21002e-05
1.20954e-05
1.20907e-05
1.20859e-05
1.20812e-05
1.20765e-05
1.20717e-05
1.2067e-05
1.20623e-05
1.20575e-05
1.20528e-05
1.20481e-05
1.20433e-05
1.20386e-05
1.20339e-05
1.20292e-05
1.20245e-05
1.20198e-05
1.2015e-05
1.20103e-05
1.20056e-05
1.20009e-05
1.19962e-05
1.19915e-05
1.19868e-05
1.19821e-05
1.19775e-05
1.19728e-05
1.19681e-05
1.19634e-05
1.19587e-05
1.1954e-05
1.19494e-05
1.19447e-05
1.194e-05
1.19354e-05
1.19307e-05
1.1926e-05
1.19214e-05
1.19167e-05
1.1912e-05
1.19074e-05
1.19027e-05
1.18981e-05
1.18934e-05
1.18888e-05
1.18841e-05
1.18795e-05
1.18748e-05
1.18702e-05
1.18655e-05
1.18609e-05
1.18562e-05
1.18516e-05
1.1847e-05
1.18423e-05
1.18377e-05
1.18331e-05
1.18284e-05
1.18238e-05
1.18192e-05
1.18146e-05
1.181e-05
1.18053e-05
1.18007e-05
1.17961e-05
1.17915e-05
1.17869e-05
1.17823e-05
1.17777e-05
1.17731e-05
1.17685e-05
1.17638e-05
1.17592e-05
1.17546e-05
1.17501e-05
1.17455e-05
1.17409e-05
1.17363e-05
1.17317e-05
1.17271e-05
1.17225e-05
1.17179e-05
1.17133e-05
1.17088e-05
1.17042e-05
1.16996e-05
1.1695e-05
1.16905e-05
1.16859e-05
1.16813e-05
1.16768e-05
1.16722e-05
1.16676e-05
1.16631e-05
1.16585e-05
1.16539e-05
1.16494e-05
1.16448e-05
1.16403e-05
1.16357e-05
1.16312e-05
1.16266e-05
1.16221e-05
1.16175e-05
1.1613e-05
1.16085e-05
1.16039e-05
1.15994e-05
1.15948e-05
1.15903e-05
1.15858e-05
1.15813e-05
1.15767e-05
1.15722e-05
1.15677e-05
1.15632e-05
1.15586e-05
1.15541e-05
1.15496e-05
1.15451e-05
1.15406e-05
1.15361e-05
1.15315e-05
1.1527e-05
1.15225e-05
1.1518e-05
1.15135e-05
1.1509e-05
1.15045e-05
1.15e-05
1.14955e-05
1.1491e-05
1.14865e-05
1.14821e-05
1.14776e-05
1.14731e-05
1.14686e-05
1.14641e-05
1.14596e-05
1.14552e-05
1.14507e-05
1.14462e-05
1.14417e-05
1.14373e-05
1.14328e-05
1.14283e-05
1.14239e-05
1.14194e-05
1.14149e-05
1.14105e-05
1.1406e-05
1.14015e-05
1.13971e-05
1.13926e-05
1.13882e-05
1.13837e-05
1.13793e-05
1.13748e-05
1.13704e-05
1.13659e-05
1.13615e-05
1.13571e-05
1.13526e-05
1.13482e-05
1.13438e-05
1.13393e-05
1.13349e-05
1.13305e-05
1.1326e-05
1.13216e-05
1.13172e-05
1.13128e-05
1.13083e-05
1.13039e-05
1.12995e-05
1.12951e-05
1.12907e-05
1.12863e-05
1.12818e-05
1.12774e-05
1.1273e-05
1.12686e-05
1.12642e-05
1.12598e-05
1.12554e-05
1.1251e-05
1.12466e-05
1.12422e-05
1.12378e-05
1.12334e-05
1.12291e-05
1.12247e-05
1.12203e-05
1.12159e-05
1.12115e-05
1.12071e-05
1.12028e-05
1.11984e-05
1.1194e-05
1.11896e-05
1.11853e-05
1.11809e-05
1.11765e-05
1.11722e-05
1.11678e-05
1.11634e-05
1.11591e-05
1.11547e-05
1.11503e-05
1.1146e-05
1.11416e-05
1.11373e-05
1.11329e-05
1.11286e-05
1.11242e-05
1.11199e-05
1.11155e-05
1.11112e-05
1.11069e-05
1.11025e-05
1.10982e-05
1.10939e-05
1.10895e-05
1.10852e-05
1.10809e-05
1.10765e-05
1.10722e-05
1.10679e-05
1.10636e-05
1.10592e-05
1.10549e-05
1.10506e-05
1.10463e-05
1.1042e-05
1.10376e-05
1.10333e-05
1.1029e-05
1.10247e-05
1.10204e-05
1.10161e-05
1.10118e-05
1.10075e-05
1.10032e-05
1.09989e-05
1.09946e-05
1.09903e-05
1.0986e-05
1.09817e-05
1.09774e-05
1.09732e-05
1.09689e-05
1.09646e-05
1.09603e-05
1.0956e-05
1.09517e-05
1.09475e-05
1.09432e-05
1.09389e-05
1.09346e-05
1.09304e-05
1.09261e-05
1.09218e-05
1.09176e-05
1.09133e-05
1.09091e-05
1.09048e-05
1.09005e-05
1.08963e-05
1.0892e-05
1.08878e-05
1.08835e-05
1.08793e-05
1.0875e-05
1.08708e-05
1.08666e-05
1.08624e-05
1.08582e-05
1.0854e-05
1.08497e-05
1.08455e-05
1.08413e-05
1.08371e-05
1.08329e-05
1.08287e-05
1.08245e-05
1.08203e-05
1.08161e-05
1.08119e-05
1.08077e-05
1.08035e-05
1.07993e-05
1.07951e-05
1.07909e-05
1.07868e-05
1.07826e-05
1.07784e-05
1.07742e-05
1.077e-05
1.07658e-05
1.07617e-05
1.07575e-05
1.07533e-05
1.07491e-05
1.0745e-05
1.07408e-05
1.07366e-05
1.07325e-05
1.07283e-05
1.07241e-05
1.072e-05
1.07158e-05
1.07117e-05
1.07075e-05
1.07033e-05
1.06992e-05
1.0695e-05
1.06909e-05
1.06867e-05
1.06826e-05
1.06785e-05
1.06743e-05
1.06702e-05
1.0666e-05
1.06619e-05
1.06578e-05
1.06536e-05
1.06495e-05
1.06454e-05
1.06412e-05
1.06371e-05
1.0633e-05
1.06288e-05
1.06247e-05
1.06206e-05
1.06165e-05
1.06124e-05
1.06082e-05
1.06041e-05
1.06e-05
1.05959e-05
1.05918e-05
1.05877e-05
1.05836e-05
1.05795e-05
1.05754e-05
1.05713e-05
1.05672e-05
1.05631e-05
1.0559e-05
1.05549e-05
1.05508e-05
1.05467e-05
1.05426e-05
1.05385e-05
1.05344e-05
1.05303e-05
1.05262e-05
1.05221e-05
1.05181e-05
1.0514e-05
1.05099e-05
1.05058e-05
1.05018e-05
1.04977e-05
1.04936e-05
1.04895e-05
1.04855e-05
1.04814e-05
1.04773e-05
1.04733e-05
1.04692e-05
1.04651e-05
1.04611e-05
1.0457e-05
1.0453e-05
1.04489e-05
1.04449e-05
1.04408e-05
1.04368e-05
1.04327e-05
1.04287e-05
1.04246e-05
1.04206e-05
1.04165e-05
1.04125e-05
1.04085e-05
1.04044e-05
1.04004e-05
1.03963e-05
1.03923e-05
1.03883e-05
1.03843e-05
1.03802e-05
1.03762e-05
1.03722e-05
1.03682e-05
1.03641e-05
1.03601e-05
1.03561e-05
1.03521e-05
1.03481e-05
1.0344e-05
1.034e-05
1.0336e-05
1.0332e-05
1.0328e-05
1.0324e-05
1.032e-05
1.0316e-05
1.0312e-05
1.0308e-05
1.0304e-05
1.03e-05
1.0296e-05
1.0292e-05
1.0288e-05
1.0284e-05
1.028e-05
1.02761e-05
1.02721e-05
1.02681e-05
1.02641e-05
1.02601e-05
1.02561e-05
1.02522e-05
1.02482e-05
1.02442e-05
1.02402e-05
1.02363e-05
1.02323e-05
1.02283e-05
1.02244e-05
1.02204e-05
1.02164e-05
1.02125e-05
1.02085e-05
1.02046e-05
1.02006e-05
1.01966e-05
1.01927e-05
1.01887e-05
1.01848e-05
1.01808e-05
1.01769e-05
1.01729e-05
1.0169e-05
1.01651e-05
1.01611e-05
1.01572e-05
1.01532e-05
1.01493e-05
1.01454e-05
1.01414e-05
1.01375e-05
1.01336e-05
1.01296e-05
1.01257e-05
1.01218e-05
1.01179e-05
1.01139e-05
1.011e-05
1.01061e-05
1.01022e-05
1.00983e-05
1.00943e-05
1.00904e-05
1.00865e-05
1.00826e-05
1.00787e-05
1.00748e-05
1.00709e-05
1.0067e-05
1.00631e-05
1.00592e-05
1.00553e-05
1.00514e-05
1.00476e-05
1.00437e-05
1.00398e-05
1.00359e-05
1.0032e-05
1.00281e-05
1.00242e-05
1.00204e-05
1.00165e-05
1.00126e-05
1.00087e-05
1.00049e-05
1.0001e-05
9.99712e-06
