0.247704
0.162424
0.105893
0.0692071
0.0576552
0.0476375
0.0407517
0.0366262
0.0325108
0.0290804
0.0274972
0.0254732
0.023459
0.0219488
0.0209078
0.0196399
0.0182895
0.0175621
0.0168624
0.0160385
0.0151384
0.0145948
0.0141243
0.0135734
0.0129673
0.0124495
0.0121324
0.0117583
0.0113414
0.010894
0.0106033
0.0103481
0.0100589
0.00974573
0.0094132
0.00920817
0.0090078
0.00880742
0.0085975
0.00836707
0.00812192
0.00796563
0.00780744
0.00766465
0.00750487
0.00733088
0.00714524
0.00699638
0.00688322
0.00677354
0.0066516
0.00651914
0.00637779
0.00622903
0.00614042
0.00605635
0.00596299
0.00586148
0.0057529
0.00563827
0.00552817
0.00546383
0.00539222
0.0053141
0.00523021
0.00514126
0.00504791
0.00496382
0.00490889
0.00484865
0.00478364
0.00471434
0.00464124
0.00456479
0.00449258
0.00444616
0.00439574
0.00434167
0.0042843
0.00422396
0.00416098
0.00409566
0.00405445
0.00401228
0.00396725
0.00391961
0.00386959
0.00381743
0.00376336
0.00371838
0.0036831
0.00364552
0.00360582
0.00356418
0.00352078
0.00347578
0.00342934
0.00339714
0.00336569
0.0033325
0.00329771
0.00326144
0.00322381
0.00318495
0.0031462
0.00311982
0.00309199
0.0030628
0.00303237
0.00300078
0.00296813
0.00293451
0.00290191
0.0028785
0.00285394
0.00282831
0.00280168
0.00277414
0.00274574
0.00271656
0.00268764
0.00266689
0.00264523
0.00262271
0.00259938
0.00257531
0.00255054
0.00252513
0.00249914
0.00248002
0.0024609
0.00244107
0.00242059
0.00239948
0.00237781
0.0023556
0.0023329
0.00231391
0.002297
0.0022795
0.00226145
0.0022429
0.00222386
0.00220437
0.00218447
0.00216538
0.00215038
0.00213489
0.00211894
0.00210256
0.00208577
0.0020686
0.00205108
0.00203322
0.00201851
0.00200475
0.0019906
0.00197608
0.00196121
0.00194602
0.00193053
0.00191475
0.00189932
0.00188705
0.00187445
0.00186153
0.00184831
0.00183481
0.00182105
0.00180704
0.0017928
0.00178014
0.00176886
0.00175732
0.00174551
0.00173346
0.00172119
0.00170869
0.00169599
0.0016831
0.0016725
0.00166214
0.00165154
0.00164074
0.00162974
0.00161854
0.00160717
0.00159562
0.00158424
0.00157488
0.00156534
0.0015556
0.00154569
0.00153561
0.00152538
0.00151499
0.00150447
0.00149463
0.00148598
0.00147717
0.0014682
0.00145909
0.00144983
0.00144045
0.00143093
0.0014213
0.00141271
0.00140469
0.00139653
0.00138825
0.00137984
0.00137131
0.00136268
0.00135393
0.00134509
0.0013375
0.00133005
0.00132248
0.00131481
0.00130703
0.00129915
0.00129117
0.00128311
0.00127505
0.0012682
0.00126126
0.00125421
0.00124708
0.00123988
0.00123269
0.00122542
0.00121808
0.00121184
0.00120572
0.0011995
0.0011932
0.00118682
0.00118037
0.00117383
0.00116723
0.00116057
0.0011539
0.0011483
0.00114261
0.00113686
0.00113103
0.00112513
0.00111917
0.00111314
0.00110706
0.00110092
0.001095
0.00108977
0.00108448
0.00107913
0.00107371
0.00106824
0.00106272
0.00105714
0.00105151
0.00104584
0.00104053
0.00103565
0.00103071
0.00102571
0.00102067
0.00101558
0.00101044
0.00100525
0.00100003
0.000994767
0.000989985
0.000985402
0.000980774
0.000976101
0.000971386
0.00096663
0.000961836
0.000957004
0.000952138
0.000947238
0.000942891
0.000938582
0.000934235
0.00092985
0.00092543
0.000920975
0.000916488
0.00091197
0.000907423
0.000902889
0.000898862
0.0008948
0.000890706
0.000886581
0.000882426
0.000878243
0.000874033
0.000869796
0.000865536
0.000861369
0.000857561
0.000853725
0.000849861
0.000845972
0.000842058
0.00083812
0.00083416
0.000830178
0.000826579
0.000823102
0.000819602
0.000816079
0.000812534
0.000808969
0.000805384
0.00080178
0.000798376
0.00079517
0.000791942
0.000788693
0.000785423
0.000782134
0.000778826
0.0007755
0.000772157
0.000768797
0.000765422
0.000762318
0.00075929
0.000756243
0.000753178
0.000750097
0.000747
0.000743887
0.000740759
0.000737617
0.000734462
0.000731294
0.000728427
0.000725562
0.000722682
0.000719787
0.000716879
0.000713957
0.000711022
0.000708076
0.000705118
0.000702149
0.000699188
0.000696487
0.000693773
0.000691047
0.000688309
0.00068556
0.0006828
0.00068003
0.00067725
0.000674461
0.000671664
0.000668874
0.000666311
0.000663738
0.000661156
0.000658563
0.000655962
0.000653352
0.000650735
0.000648109
0.000645477
0.000642837
0.000640192
0.000637741
0.000635301
0.000632852
0.000630514
0.000628305
0.000626086
0.000623859
0.000621624
0.000619381
0.000617131
0.000614874
0.000612611
0.000610341
0.000608065
0.000605784
0.000603675
0.00060158
0.000599478
0.000597368
0.000595253
0.000593131
0.000591004
0.000588871
0.000586733
0.00058459
0.000582443
0.000580291
0.000578285
0.000576297
0.000574303
0.000572304
0.000570301
0.000568292
0.000566279
0.000564262
0.000562241
0.000560216
0.000558188
0.000556156
0.000554216
0.00055233
0.000550439
0.000548544
0.000546645
0.000544742
0.000542836
0.000540927
0.000539016
0.000537101
0.000535184
0.000533265
0.000531361
0.00052957
0.000527776
0.000525979
0.000524179
0.000522376
0.000520571
0.000518764
0.000516954
0.000515143
0.00051333
0.000511516
0.0005097
0.000508005
0.00050643
0.000504852
0.000503271
0.000501687
0.0005001
0.000498511
0.00049692
0.000495327
0.000493731
0.000492134
0.000490535
0.000488935
0.000487414
0.000485919
0.000484421
0.000482921
0.000481418
0.000479914
0.000478408
0.000476901
0.000475392
0.000473881
0.00047237
0.000470857
0.000469343
0.000467837
0.000466417
0.000464994
0.000463571
0.000462146
0.000460719
0.000459292
0.000457863
0.000456433
0.000455003
0.000453571
0.000452139
0.000450707
0.000449274
0.000447846
0.000446495
0.000445144
0.000443792
0.000442439
0.000441085
0.000439731
0.000438376
0.000437021
0.000435666
0.00043431
0.000432954
0.000431598
0.000430242
0.000428886
0.000427573
0.00042629
0.000425007
0.000423723
0.000422439
0.000421155
0.000419871
0.000418587
0.000417303
0.000416019
0.000414839
0.00041369
0.00041254
0.00041139
0.000410238
0.000409086
0.000407934
0.000406781
0.000405628
0.000404475
0.000403321
0.000402168
0.000401014
0.00039986
0.000398706
0.000397601
0.000396508
0.000395416
0.000394323
0.000393229
0.000392136
0.000391042
0.000389948
0.000388855
0.000387761
0.000386667
0.000385574
0.000384481
0.000383388
0.000382295
0.000381203
0.000380163
0.000379125
0.000378088
0.00037705
0.000376012
0.000374975
0.000373938
0.000372901
0.000371864
0.000370827
0.000369791
0.000368756
0.000367721
0.000366686
0.000365652
0.000364619
0.000363612
0.000362627
0.000361643
0.000360658
0.000359675
0.000358691
0.000357708
0.000356726
0.000355744
0.000354763
0.000353782
0.000352802
0.000351822
0.000350844
0.000349866
0.000348889
0.000347944
0.000347048
0.000346152
0.000345256
0.00034436
0.000343465
0.00034257
0.000341682
0.000340829
0.000339976
0.000339124
0.000338272
0.00033742
0.000336568
0.000335716
0.000334865
0.000334014
0.000333164
0.000332314
0.000331464
0.000330615
0.000329767
0.000328919
0.000328071
0.000327224
0.000326388
0.000325578
0.000324769
0.00032396
0.000323152
0.000322344
0.000321536
0.000320729
0.000319922
0.000319116
0.000318311
0.000317506
0.000316702
0.000315898
0.000315095
0.000314293
0.000313491
0.00031269
0.00031189
0.00031111
0.000310343
0.000309577
0.000308811
0.000308045
0.00030728
0.000306516
0.000305753
0.00030499
0.000304228
0.000303466
0.000302706
0.000301946
0.000301186
0.000300428
0.00029967
0.000298914
0.000298158
0.000297403
0.00029665
0.000295924
0.000295199
0.000294475
0.000293751
0.000293028
0.000292306
0.000291609
0.000290936
0.000290264
0.000289593
0.000288921
0.000288251
0.000287581
0.000286911
0.000286242
0.000285573
0.000284906
0.000284238
0.000283571
0.000282905
0.00028224
0.000281575
0.000280923
0.000280284
0.000279645
0.000279007
0.000278369
0.000277732
0.000277096
0.00027646
0.000275825
0.00027519
0.000274556
0.000273922
0.000273289
0.000272657
0.000272025
0.000271394
0.000270764
0.000270135
0.000269506
0.000268878
0.00026825
0.00026763
0.000267025
0.000266421
0.000265818
0.000265215
0.000264613
0.000264011
0.000263411
0.00026281
0.000262211
0.000261612
0.000261014
0.000260417
0.00025982
0.000259224
0.000258629
0.000258034
0.00025744
0.000256847
0.000256255
0.000255664
0.000255073
0.000254483
0.000253911
0.000253341
0.000252772
0.000252204
0.000251636
0.000251069
0.000250503
0.000249938
0.000249373
0.000248809
0.000248246
0.000247683
0.000247149
0.000246618
0.000246087
0.000245557
0.000245028
0.000244499
0.000243971
0.000243443
0.000242921
0.000242411
0.000241902
0.000241394
0.000240886
0.000240379
0.000239872
0.000239365
0.00023886
0.000238354
0.00023785
0.000237346
0.000236842
0.000236339
0.000235837
0.000235335
0.000234834
0.000234334
0.000233834
0.000233335
0.000232836
0.000232338
0.000231841
0.000231344
0.00023085
0.000230369
0.000229889
0.00022941
0.000228931
0.000228453
0.000227975
0.000227498
0.000227021
0.000226545
0.00022607
0.000225595
0.000225121
0.000224647
0.000224174
0.000223702
0.000223231
0.00022276
0.000222289
0.00022182
0.000221351
0.000220882
0.000220415
0.000219948
0.000219481
0.000219016
0.000218558
0.000218107
0.000217656
0.000217205
0.000216756
0.000216306
0.000215858
0.00021541
0.000214963
0.000214516
0.00021407
0.000213625
0.00021318
0.000212736
0.000212293
0.00021185
0.000211408
0.000210967
0.00021053
0.000210121
0.000209712
0.000209304
0.000208897
0.000208489
0.000208083
0.000207677
0.000207271
0.000206866
0.000206461
0.000206057
0.000205653
0.00020525
0.000204847
0.000204445
0.000204043
0.000203642
0.000203241
0.000202841
0.000202442
0.000202043
0.000201644
0.000201246
0.000200849
0.000200452
0.000200056
0.00019966
0.000199274
0.000198889
0.000198506
0.000198122
0.000197739
0.000197357
0.000196975
0.000196594
0.000196213
0.000195833
0.000195453
0.000195074
0.000194695
0.000194317
0.000193939
0.000193562
0.000193185
0.000192809
0.000192433
0.000192058
0.000191684
0.00019131
0.000190937
0.000190564
0.000190192
0.00018982
0.000189449
0.000189078
0.000188708
0.000188346
0.000187986
0.000187626
0.000187267
0.000186909
0.000186551
0.000186193
0.000185836
0.00018548
0.000185124
0.000184769
0.000184414
0.00018406
0.000183706
0.000183353
0.000183
0.000182648
0.000182296
0.000181945
0.000181595
0.000181245
0.000180895
0.000180567
0.000180239
0.000179912
0.000179585
0.000179259
0.000178933
0.000178607
0.000178282
0.000177958
0.000177634
0.00017731
0.000176987
0.000176664
0.000176341
0.000176019
0.000175698
0.000175377
0.000175056
0.000174736
0.000174416
0.000174097
0.000173778
0.00017346
0.000173142
0.000172827
0.000172517
0.000172208
0.000171899
0.00017159
0.000171282
0.000170975
0.000170667
0.000170361
0.000170054
0.000169748
0.000169443
0.000169138
0.000168833
0.000168529
0.000168225
0.000167922
0.000167619
0.000167317
0.000167015
0.000166713
0.000166412
0.000166112
0.000165812
0.000165512
0.000165213
0.000164914
0.000164615
0.000164318
0.00016402
0.000163723
0.000163426
0.00016313
0.000162837
0.000162548
0.000162259
0.000161971
0.000161683
0.000161396
0.000161109
0.000160823
0.000160537
0.000160251
0.000159966
0.000159681
0.000159397
0.000159113
0.00015883
0.000158547
0.000158264
0.000157982
0.000157701
0.000157419
0.000157139
0.000156858
0.000156578
0.000156299
0.00015602
0.000155744
0.00015548
0.000155217
0.000154953
0.000154691
0.000154428
0.000154166
0.000153904
0.000153643
0.000153382
0.000153121
0.000152861
0.000152601
0.000152341
0.000152082
0.000151823
0.000151565
0.000151307
0.000151049
0.000150792
0.000150535
0.000150278
0.000150024
0.000149773
0.000149523
0.000149273
0.000149023
0.000148774
0.000148525
0.000148276
0.000148028
0.00014778
0.000147532
0.000147285
0.000147038
0.000146792
0.000146546
0.0001463
0.000146055
0.00014581
0.000145565
0.000145321
0.000145077
0.000144833
0.00014459
0.000144347
0.000144104
0.000143862
0.00014362
0.000143379
0.000143138
0.000142897
0.000142657
0.000142417
0.000142177
0.000141938
0.000141699
0.00014146
0.000141222
0.000140984
0.000140751
0.000140519
0.000140286
0.000140054
0.000139823
0.000139591
0.00013936
0.00013913
0.0001389
0.00013867
0.00013844
0.000138211
0.000137982
0.000137753
0.000137525
0.000137297
0.00013707
0.000136843
0.000136616
0.000136389
0.000136163
0.000135937
0.000135712
0.000135487
0.000135262
0.000135038
0.000134814
0.00013459
0.000134375
0.000134162
0.00013395
0.000133737
0.000133525
0.000133313
0.000133101
0.00013289
0.000132679
0.000132468
0.000132257
0.000132047
0.000131837
0.000131628
0.000131419
0.00013121
0.000131001
0.000130793
0.000130585
0.00013038
0.000130177
0.000129973
0.00012977
0.000129567
0.000129365
0.000129162
0.00012896
0.000128758
0.000128557
0.000128356
0.000128155
0.000127954
0.000127754
0.000127554
0.000127354
0.000127155
0.000126955
0.000126756
0.000126558
0.000126359
0.000126161
0.000125964
0.000125766
0.000125569
0.000125372
0.000125176
0.000124979
0.000124783
0.000124587
0.000124392
0.000124197
0.000124002
0.000123807
0.000123613
0.000123419
0.000123225
0.000123032
0.000122839
0.000122646
0.000122453
0.000122261
0.000122073
0.000121884
0.000121696
0.000121508
0.00012132
0.000121133
0.000120946
0.000120759
0.000120572
0.000120386
0.0001202
0.000120014
0.000119828
0.000119643
0.000119458
0.000119273
0.000119089
0.000118905
0.000118721
0.000118537
0.000118354
0.000118171
0.000117988
0.000117806
0.000117624
0.000117442
0.00011726
0.000117079
0.000116897
0.000116717
0.000116537
0.000116364
0.000116191
0.000116018
0.000115845
0.000115673
0.000115501
0.000115329
0.000115157
0.000114986
0.000114815
0.000114644
0.000114473
0.000114303
0.000114133
0.000113963
0.000113794
0.000113627
0.00011346
0.000113294
0.000113128
0.000112962
0.000112796
0.000112631
0.000112466
0.000112301
0.000112136
0.000111972
0.000111808
0.000111644
0.00011148
0.000111316
0.000111153
0.00011099
0.000110827
0.000110664
0.000110502
0.00011034
0.000110178
0.000110016
0.000109854
0.000109693
0.000109532
0.000109371
0.000109211
0.00010905
0.00010889
0.00010873
0.000108571
0.000108411
0.000108252
0.000108093
0.000107934
0.000107776
0.000107618
0.00010746
0.000107302
0.000107144
0.000106987
0.00010683
0.000106673
0.000106516
0.00010636
0.000106204
0.00010605
0.000105897
0.000105743
0.00010559
0.000105438
0.000105285
0.000105133
0.00010498
0.000104828
0.000104677
0.000104525
0.000104374
0.000104223
0.000104072
0.000103921
0.000103771
0.00010362
0.00010347
0.000103321
0.000103171
0.000103022
0.000102873
0.000102724
0.000102575
0.000102426
0.000102278
0.00010213
0.000101982
0.000101835
0.000101687
0.00010154
0.000101393
0.000101246
0.000101104
0.000100963
0.000100822
0.000100681
0.00010054
0.0001004
0.000100259
0.000100119
9.99789e-05
9.98391e-05
9.96995e-05
9.95601e-05
9.94211e-05
9.9284e-05
9.91471e-05
9.90104e-05
9.88739e-05
9.87376e-05
9.86014e-05
9.84654e-05
9.83297e-05
9.81941e-05
9.80586e-05
9.79234e-05
9.77883e-05
9.76535e-05
9.75188e-05
9.73843e-05
9.72499e-05
9.71158e-05
9.69818e-05
9.68481e-05
9.67145e-05
9.65811e-05
9.64478e-05
9.63148e-05
9.61819e-05
9.60492e-05
9.59167e-05
9.57844e-05
9.56523e-05
9.55203e-05
9.53886e-05
9.5257e-05
9.51256e-05
9.49943e-05
9.48633e-05
9.47324e-05
9.46017e-05
9.44712e-05
9.43409e-05
9.42108e-05
9.40808e-05
9.3951e-05
9.38214e-05
9.3692e-05
9.35628e-05
9.34337e-05
9.33049e-05
9.31762e-05
9.30477e-05
9.29193e-05
9.27912e-05
9.26632e-05
9.25354e-05
9.24086e-05
9.22828e-05
9.21572e-05
9.20318e-05
9.19065e-05
9.17814e-05
9.16565e-05
9.15318e-05
9.14072e-05
9.12828e-05
9.11586e-05
9.10346e-05
9.09107e-05
9.0787e-05
9.06635e-05
9.05401e-05
9.04169e-05
9.02939e-05
9.0171e-05
9.00484e-05
8.99258e-05
8.98035e-05
8.96813e-05
8.95593e-05
8.94375e-05
8.93159e-05
8.91944e-05
8.90731e-05
8.89519e-05
8.88309e-05
8.87101e-05
8.85895e-05
8.8469e-05
8.83487e-05
8.82286e-05
8.81093e-05
8.79931e-05
8.78771e-05
8.77613e-05
8.76456e-05
8.753e-05
8.74147e-05
8.72994e-05
8.71843e-05
8.70694e-05
8.69549e-05
8.68418e-05
8.67287e-05
8.66159e-05
8.65031e-05
8.63905e-05
8.62781e-05
8.61658e-05
8.60536e-05
8.59416e-05
8.58298e-05
8.5718e-05
8.56065e-05
8.54951e-05
8.53838e-05
8.52726e-05
8.51617e-05
8.50508e-05
8.49401e-05
8.48296e-05
8.47192e-05
8.46089e-05
8.44988e-05
8.43888e-05
8.4279e-05
8.41693e-05
8.40598e-05
8.39504e-05
8.38411e-05
8.3732e-05
8.36231e-05
8.35142e-05
8.34056e-05
8.3297e-05
8.31887e-05
8.30804e-05
8.29723e-05
8.28644e-05
8.27566e-05
8.26489e-05
8.25414e-05
8.2434e-05
8.23268e-05
8.22197e-05
8.21127e-05
8.20059e-05
8.18993e-05
8.17928e-05
8.16864e-05
8.15802e-05
8.14741e-05
8.13681e-05
8.12623e-05
8.11567e-05
8.10511e-05
8.09458e-05
8.08405e-05
8.07354e-05
8.06305e-05
8.05257e-05
8.04223e-05
8.03189e-05
8.02158e-05
8.01127e-05
8.00098e-05
7.9907e-05
7.98044e-05
7.97019e-05
7.95995e-05
7.94973e-05
7.93952e-05
7.92932e-05
7.91914e-05
7.90897e-05
7.89881e-05
7.88867e-05
7.87854e-05
7.86843e-05
7.85832e-05
7.84824e-05
7.83816e-05
7.8281e-05
7.81805e-05
7.80802e-05
7.798e-05
7.78799e-05
7.77799e-05
7.76801e-05
7.75805e-05
7.74809e-05
7.73815e-05
7.72822e-05
7.71831e-05
7.70841e-05
7.69852e-05
7.68865e-05
7.67889e-05
7.66931e-05
7.65974e-05
7.65018e-05
7.64064e-05
7.63111e-05
7.62158e-05
7.61208e-05
7.60268e-05
7.5933e-05
7.58393e-05
7.57457e-05
7.56523e-05
7.5559e-05
7.54658e-05
7.53727e-05
7.52797e-05
7.51869e-05
7.50941e-05
7.50015e-05
7.4909e-05
7.48166e-05
7.47243e-05
7.46322e-05
7.45401e-05
7.44482e-05
7.43564e-05
7.42647e-05
7.41731e-05
7.40816e-05
7.39903e-05
7.3899e-05
7.38079e-05
7.37169e-05
7.3626e-05
7.35352e-05
7.34446e-05
7.3354e-05
7.32636e-05
7.31733e-05
7.30831e-05
7.2993e-05
7.2903e-05
7.28132e-05
7.27234e-05
7.26338e-05
7.25443e-05
7.24549e-05
7.23656e-05
7.22764e-05
7.21874e-05
7.20984e-05
7.20096e-05
7.19209e-05
7.18323e-05
7.17438e-05
7.16554e-05
7.15671e-05
7.1479e-05
7.13909e-05
7.1303e-05
7.12152e-05
7.11275e-05
7.10399e-05
7.09524e-05
7.08651e-05
7.07778e-05
7.06907e-05
7.06036e-05
7.05167e-05
7.04299e-05
7.03432e-05
7.02567e-05
7.01702e-05
7.00838e-05
6.99984e-05
6.99131e-05
6.9828e-05
6.97429e-05
6.9658e-05
6.95732e-05
6.94884e-05
6.94038e-05
6.93193e-05
6.92349e-05
6.91506e-05
6.90664e-05
6.89823e-05
6.88983e-05
6.88145e-05
6.87307e-05
6.86471e-05
6.85635e-05
6.84801e-05
6.83967e-05
6.83135e-05
6.82304e-05
6.81473e-05
6.80644e-05
6.79816e-05
6.78989e-05
6.78163e-05
6.77338e-05
6.76515e-05
6.75692e-05
6.7487e-05
6.74049e-05
6.7323e-05
6.72411e-05
6.71594e-05
6.70777e-05
6.69962e-05
6.69161e-05
6.68367e-05
6.67574e-05
6.66782e-05
6.65991e-05
6.65201e-05
6.64418e-05
6.63638e-05
6.62859e-05
6.6208e-05
6.61302e-05
6.60526e-05
6.5975e-05
6.58975e-05
6.58201e-05
6.57428e-05
6.56656e-05
6.55885e-05
6.55115e-05
6.54346e-05
6.53577e-05
6.5281e-05
6.52044e-05
6.51278e-05
6.50513e-05
6.4975e-05
6.48987e-05
6.48225e-05
6.47464e-05
6.46704e-05
6.45945e-05
6.45187e-05
6.4443e-05
6.43673e-05
6.42918e-05
6.42163e-05
6.4141e-05
6.40657e-05
6.39905e-05
6.39154e-05
6.38404e-05
6.37655e-05
6.36907e-05
6.3616e-05
6.35414e-05
6.34668e-05
6.33924e-05
6.3318e-05
6.32437e-05
6.31696e-05
6.30955e-05
6.30215e-05
6.29476e-05
6.28737e-05
6.28e-05
6.27264e-05
6.26528e-05
6.25794e-05
6.2506e-05
6.24327e-05
6.23595e-05
6.22864e-05
6.22134e-05
6.21405e-05
6.20677e-05
6.19949e-05
6.19223e-05
6.18497e-05
6.17772e-05
6.17048e-05
6.16325e-05
6.15603e-05
6.14882e-05
6.14162e-05
6.13442e-05
6.12724e-05
6.12006e-05
6.11289e-05
6.10573e-05
6.09858e-05
6.09144e-05
6.08431e-05
6.07719e-05
6.07013e-05
6.06309e-05
6.05605e-05
6.04902e-05
6.042e-05
6.03499e-05
6.02799e-05
6.021e-05
6.01401e-05
6.00704e-05
6.00007e-05
5.99311e-05
5.98616e-05
5.97921e-05
5.97228e-05
5.96535e-05
5.95843e-05
5.95153e-05
5.94462e-05
5.93773e-05
5.93085e-05
5.92397e-05
5.9171e-05
5.91025e-05
5.9034e-05
5.89655e-05
5.88972e-05
5.88289e-05
5.87608e-05
5.86927e-05
5.86247e-05
5.85567e-05
5.84889e-05
5.84211e-05
5.83535e-05
5.82859e-05
5.82188e-05
5.81528e-05
5.80869e-05
5.8021e-05
5.79553e-05
5.78896e-05
5.78242e-05
5.77592e-05
5.76943e-05
5.76295e-05
5.75647e-05
5.75e-05
5.74354e-05
5.73708e-05
5.73064e-05
5.7242e-05
5.71777e-05
5.71134e-05
5.70492e-05
5.69851e-05
5.69211e-05
5.68571e-05
5.67933e-05
5.67295e-05
5.66657e-05
5.66021e-05
5.65385e-05
5.6475e-05
5.64115e-05
5.63482e-05
5.62849e-05
5.62216e-05
5.61585e-05
5.60954e-05
5.60324e-05
5.59695e-05
5.59066e-05
5.58439e-05
5.57811e-05
5.57185e-05
5.56559e-05
5.55934e-05
5.5531e-05
5.54687e-05
5.54064e-05
5.53442e-05
5.52821e-05
5.522e-05
5.5158e-05
5.50961e-05
5.50343e-05
5.49725e-05
5.49108e-05
5.48492e-05
5.47876e-05
5.47261e-05
5.46647e-05
5.46034e-05
5.45421e-05
5.44809e-05
5.44198e-05
5.43587e-05
5.42978e-05
5.42368e-05
5.4176e-05
5.41152e-05
5.40545e-05
5.39939e-05
5.39333e-05
5.38729e-05
5.38124e-05
5.37521e-05
5.36918e-05
5.36316e-05
5.35715e-05
5.35114e-05
5.34514e-05
5.33915e-05
5.33317e-05
5.32719e-05
5.32122e-05
5.31525e-05
5.30929e-05
5.30334e-05
5.2974e-05
5.29146e-05
5.28553e-05
5.27961e-05
5.2737e-05
5.26779e-05
5.26189e-05
5.25599e-05
5.2501e-05
5.24422e-05
5.23835e-05
5.23248e-05
5.22664e-05
5.22083e-05
5.21502e-05
5.20923e-05
5.20344e-05
5.19765e-05
5.19188e-05
5.18611e-05
5.18034e-05
5.17459e-05
5.16884e-05
5.16309e-05
5.15735e-05
5.15162e-05
5.1459e-05
5.14018e-05
5.13447e-05
5.12877e-05
5.12307e-05
5.11738e-05
5.1117e-05
5.10602e-05
5.10035e-05
5.09468e-05
5.08903e-05
5.08338e-05
5.07773e-05
5.07209e-05
5.06646e-05
5.06084e-05
5.05522e-05
5.04961e-05
5.044e-05
5.0384e-05
5.03286e-05
5.02738e-05
5.0219e-05
5.01643e-05
5.01097e-05
5.00551e-05
5.00006e-05
4.99461e-05
4.98917e-05
4.98376e-05
4.97837e-05
4.97299e-05
4.96761e-05
4.96224e-05
4.95687e-05
4.95151e-05
4.94616e-05
4.94081e-05
4.93546e-05
4.93013e-05
4.9248e-05
4.91947e-05
4.91415e-05
4.90884e-05
4.90353e-05
4.89823e-05
4.89293e-05
4.88765e-05
4.88236e-05
4.87708e-05
4.87181e-05
4.86654e-05
4.86128e-05
4.85603e-05
4.85078e-05
4.84554e-05
4.8403e-05
4.83507e-05
4.82984e-05
4.82462e-05
4.81941e-05
4.8142e-05
4.809e-05
4.8038e-05
4.79861e-05
4.79342e-05
4.78825e-05
4.78307e-05
4.7779e-05
4.77274e-05
4.76758e-05
4.76243e-05
4.75729e-05
4.75215e-05
4.74702e-05
4.74189e-05
4.73677e-05
4.73165e-05
4.72654e-05
4.72143e-05
4.71633e-05
4.71124e-05
4.70615e-05
4.70107e-05
4.69599e-05
4.69092e-05
4.68586e-05
4.6808e-05
4.67574e-05
4.67069e-05
4.66565e-05
4.66061e-05
4.65558e-05
4.65056e-05
4.64554e-05
4.64052e-05
4.63551e-05
4.63051e-05
4.62551e-05
4.62052e-05
4.61553e-05
4.61055e-05
4.60558e-05
4.60061e-05
4.59564e-05
4.59068e-05
4.58573e-05
4.58078e-05
4.57584e-05
4.5709e-05
4.56597e-05
4.56104e-05
4.55612e-05
4.55121e-05
4.5463e-05
4.5414e-05
4.5365e-05
4.5316e-05
4.52672e-05
4.52184e-05
4.51696e-05
4.51209e-05
4.50722e-05
4.50236e-05
4.49751e-05
4.49266e-05
4.48782e-05
4.48298e-05
4.47814e-05
4.47332e-05
4.4685e-05
4.46368e-05
4.45887e-05
4.45406e-05
4.44926e-05
4.44447e-05
4.43968e-05
4.43489e-05
4.43013e-05
4.42538e-05
4.42064e-05
4.41591e-05
4.41118e-05
4.40645e-05
4.40174e-05
4.39702e-05
4.39231e-05
4.38761e-05
4.38291e-05
4.37822e-05
4.37353e-05
4.36885e-05
4.36417e-05
4.3595e-05
4.35483e-05
4.35017e-05
4.34551e-05
4.34086e-05
4.33622e-05
4.33158e-05
4.32694e-05
4.32231e-05
4.31768e-05
4.31306e-05
4.30845e-05
4.3039e-05
4.29936e-05
4.29484e-05
4.29031e-05
4.2858e-05
4.28128e-05
4.27677e-05
4.27227e-05
4.26777e-05
4.26328e-05
4.25879e-05
4.2543e-05
4.24983e-05
4.24535e-05
4.24088e-05
4.23642e-05
4.23196e-05
4.2275e-05
4.22306e-05
4.21864e-05
4.21422e-05
4.20981e-05
4.2054e-05
4.201e-05
4.1966e-05
4.19221e-05
4.18782e-05
4.18344e-05
4.17906e-05
4.17469e-05
4.17032e-05
4.16595e-05
4.16159e-05
4.15724e-05
4.15289e-05
4.14854e-05
4.1442e-05
4.13986e-05
4.13553e-05
4.1312e-05
4.12688e-05
4.12256e-05
4.11824e-05
4.11393e-05
4.10963e-05
4.10533e-05
4.10103e-05
4.09674e-05
4.09246e-05
4.08817e-05
4.0839e-05
4.07962e-05
4.07536e-05
4.07109e-05
4.06683e-05
4.06258e-05
4.05833e-05
4.05408e-05
4.04984e-05
4.0456e-05
4.04137e-05
4.03715e-05
4.03292e-05
4.0287e-05
4.02449e-05
4.02028e-05
4.01608e-05
4.01188e-05
4.00768e-05
4.00349e-05
3.9993e-05
3.99512e-05
3.99094e-05
3.98677e-05
3.9826e-05
3.97843e-05
3.97427e-05
3.97012e-05
3.96597e-05
3.96182e-05
3.95768e-05
3.95354e-05
3.94941e-05
3.94528e-05
3.94115e-05
3.93703e-05
3.93292e-05
3.92881e-05
3.9247e-05
3.9206e-05
3.9165e-05
3.91241e-05
3.90832e-05
3.90423e-05
3.90015e-05
3.89608e-05
3.892e-05
3.88794e-05
3.88387e-05
3.87982e-05
3.87576e-05
3.87171e-05
3.86767e-05
3.86362e-05
3.85959e-05
3.85556e-05
3.85153e-05
3.8475e-05
3.84348e-05
3.83947e-05
3.83546e-05
3.83145e-05
3.82745e-05
3.82345e-05
3.81946e-05
3.81547e-05
3.81148e-05
3.8075e-05
3.80352e-05
3.79955e-05
3.79558e-05
3.79162e-05
3.78766e-05
3.78371e-05
3.77976e-05
3.77581e-05
3.77187e-05
3.76793e-05
3.76399e-05
3.76006e-05
3.75614e-05
3.75222e-05
3.7483e-05
3.74439e-05
3.74048e-05
3.73658e-05
3.73267e-05
3.72878e-05
3.72489e-05
3.721e-05
3.71712e-05
3.71324e-05
3.70936e-05
3.70549e-05
3.70162e-05
3.69776e-05
3.6939e-05
3.69005e-05
3.6862e-05
3.68235e-05
3.67851e-05
3.67467e-05
3.67084e-05
3.66701e-05
3.66319e-05
3.65937e-05
3.65555e-05
3.65174e-05
3.64794e-05
3.64415e-05
3.64037e-05
3.63659e-05
3.63281e-05
3.62904e-05
3.62528e-05
3.62151e-05
3.61777e-05
3.61406e-05
3.61036e-05
3.60666e-05
3.60297e-05
3.59927e-05
3.59559e-05
3.5919e-05
3.58822e-05
3.58455e-05
3.58088e-05
3.57721e-05
3.57354e-05
3.56988e-05
3.56623e-05
3.56257e-05
3.55893e-05
3.55528e-05
3.55164e-05
3.548e-05
3.54437e-05
3.54074e-05
3.53711e-05
3.53349e-05
3.52987e-05
3.52625e-05
3.52264e-05
3.51903e-05
3.51543e-05
3.51183e-05
3.50823e-05
3.50464e-05
3.50105e-05
3.49747e-05
3.49389e-05
3.49031e-05
3.48673e-05
3.48316e-05
3.4796e-05
3.47604e-05
3.47248e-05
3.46892e-05
3.46537e-05
3.46182e-05
3.45829e-05
3.45477e-05
3.45125e-05
3.44773e-05
3.44421e-05
3.4407e-05
3.43719e-05
3.43369e-05
3.43019e-05
3.42669e-05
3.4232e-05
3.41971e-05
3.41622e-05
3.41274e-05
3.40926e-05
3.40578e-05
3.40231e-05
3.39884e-05
3.39538e-05
3.39192e-05
3.38846e-05
3.38501e-05
3.38156e-05
3.37811e-05
3.37467e-05
3.37123e-05
3.36779e-05
3.36436e-05
3.36093e-05
3.3575e-05
3.35408e-05
3.35066e-05
3.34725e-05
3.34384e-05
3.34043e-05
3.33702e-05
3.33362e-05
3.33023e-05
3.32683e-05
3.32344e-05
3.32006e-05
3.31667e-05
3.31329e-05
3.30992e-05
3.30654e-05
3.30317e-05
3.29981e-05
3.29645e-05
3.29309e-05
3.28973e-05
3.28638e-05
3.28303e-05
3.27969e-05
3.27635e-05
3.27301e-05
3.26967e-05
3.26634e-05
3.26301e-05
3.25969e-05
3.25637e-05
3.25305e-05
3.24974e-05
3.24643e-05
3.24312e-05
3.23982e-05
3.23652e-05
3.23322e-05
3.22993e-05
3.22664e-05
3.22335e-05
3.22007e-05
3.21679e-05
3.21351e-05
3.21024e-05
3.20697e-05
3.2037e-05
3.20044e-05
3.19718e-05
3.19393e-05
3.19067e-05
3.18743e-05
3.18418e-05
3.18094e-05
3.1777e-05
3.17446e-05
3.17123e-05
3.168e-05
3.16478e-05
3.16155e-05
3.15833e-05
3.15512e-05
3.15191e-05
3.1487e-05
3.14549e-05
3.14229e-05
3.13909e-05
3.1359e-05
3.1327e-05
3.12951e-05
3.12633e-05
3.12315e-05
3.11997e-05
3.11679e-05
3.11362e-05
3.11045e-05
3.10728e-05
3.10412e-05
3.10096e-05
3.09781e-05
3.09465e-05
3.0915e-05
3.08836e-05
3.08522e-05
3.08208e-05
3.07894e-05
3.07581e-05
3.07268e-05
3.06955e-05
3.06643e-05
3.06331e-05
3.06019e-05
3.05708e-05
3.05397e-05
3.05086e-05
3.04776e-05
3.04466e-05
3.04156e-05
3.03846e-05
3.03537e-05
3.03228e-05
3.0292e-05
3.02612e-05
3.02304e-05
3.01997e-05
3.01689e-05
3.01383e-05
3.01076e-05
3.0077e-05
3.00464e-05
3.00158e-05
2.99853e-05
2.99548e-05
2.99244e-05
2.98939e-05
2.98635e-05
2.98332e-05
2.98028e-05
2.97725e-05
2.97423e-05
2.9712e-05
2.96818e-05
2.96516e-05
2.96215e-05
2.95914e-05
2.95613e-05
2.95312e-05
2.95012e-05
2.94712e-05
2.94413e-05
2.94113e-05
2.93814e-05
2.93516e-05
2.93217e-05
2.92919e-05
2.92622e-05
2.92326e-05
2.92033e-05
2.9174e-05
2.91447e-05
2.91155e-05
2.90863e-05
2.90571e-05
2.9028e-05
2.89989e-05
2.89698e-05
2.89408e-05
2.89118e-05
2.88828e-05
2.88538e-05
2.88249e-05
2.8796e-05
2.87671e-05
2.87383e-05
2.87095e-05
2.86807e-05
2.86519e-05
2.86232e-05
2.85945e-05
2.85658e-05
2.85372e-05
2.85086e-05
2.848e-05
2.84515e-05
2.84229e-05
2.83944e-05
2.8366e-05
2.83375e-05
2.83091e-05
2.82808e-05
2.82524e-05
2.82241e-05
2.81958e-05
2.81675e-05
2.81393e-05
2.81111e-05
2.80829e-05
2.80548e-05
2.80266e-05
2.79985e-05
2.79705e-05
2.79425e-05
2.79144e-05
2.78865e-05
2.78585e-05
2.78306e-05
2.78027e-05
2.77748e-05
2.7747e-05
2.77192e-05
2.76914e-05
2.76637e-05
2.76359e-05
2.76082e-05
2.75806e-05
2.75529e-05
2.75253e-05
2.74977e-05
2.74702e-05
2.74426e-05
2.74151e-05
2.73877e-05
2.73602e-05
2.73328e-05
2.73054e-05
2.72781e-05
2.72507e-05
2.72234e-05
2.71961e-05
2.71689e-05
2.71417e-05
2.71145e-05
2.70873e-05
2.70602e-05
2.70331e-05
2.7006e-05
2.69789e-05
2.69519e-05
2.69249e-05
2.68979e-05
2.6871e-05
2.6844e-05
2.68172e-05
2.67903e-05
2.67635e-05
2.67366e-05
2.67099e-05
2.66831e-05
2.66564e-05
2.66297e-05
2.6603e-05
2.65763e-05
2.65497e-05
2.65231e-05
2.64966e-05
2.647e-05
2.64435e-05
2.64171e-05
2.63907e-05
2.63643e-05
2.6338e-05
2.63117e-05
2.62854e-05
2.62591e-05
2.62329e-05
2.62067e-05
2.61805e-05
2.61544e-05
2.61283e-05
2.61022e-05
2.60761e-05
2.605e-05
2.6024e-05
2.5998e-05
2.59721e-05
2.59461e-05
2.59202e-05
2.58943e-05
2.58685e-05
2.58426e-05
2.58168e-05
2.5791e-05
2.57653e-05
2.57395e-05
2.57138e-05
2.56882e-05
2.56625e-05
2.56369e-05
2.56113e-05
2.55857e-05
2.55602e-05
2.55346e-05
2.55091e-05
2.54837e-05
2.54582e-05
2.54328e-05
2.54074e-05
2.5382e-05
2.53567e-05
2.53314e-05
2.53061e-05
2.52808e-05
2.52556e-05
2.52303e-05
2.52052e-05
2.518e-05
2.51549e-05
2.51297e-05
2.51046e-05
2.50796e-05
2.50545e-05
2.50295e-05
2.50045e-05
2.49796e-05
2.49546e-05
2.49297e-05
2.49048e-05
2.488e-05
2.48551e-05
2.48303e-05
2.48056e-05
2.47808e-05
2.47561e-05
2.47313e-05
2.47067e-05
2.4682e-05
2.46574e-05
2.46327e-05
2.46082e-05
2.45836e-05
2.45591e-05
2.45346e-05
2.45101e-05
2.44856e-05
2.44612e-05
2.44368e-05
2.44124e-05
2.4388e-05
2.43637e-05
2.43393e-05
2.43151e-05
2.42908e-05
2.42666e-05
2.42423e-05
2.42181e-05
2.4194e-05
2.41698e-05
2.41457e-05
2.41216e-05
2.40976e-05
2.40735e-05
2.40495e-05
2.40255e-05
2.40015e-05
2.39776e-05
2.39537e-05
2.39298e-05
2.39059e-05
2.3882e-05
2.38582e-05
2.38344e-05
2.38106e-05
2.37869e-05
2.37631e-05
2.37394e-05
2.37158e-05
2.36921e-05
2.36685e-05
2.36449e-05
2.36213e-05
2.35977e-05
2.35742e-05
2.35507e-05
2.35272e-05
2.35037e-05
2.34803e-05
2.34568e-05
2.34334e-05
2.34101e-05
2.33867e-05
2.33634e-05
2.33401e-05
2.33168e-05
2.32936e-05
2.32703e-05
2.32471e-05
2.32239e-05
2.32008e-05
2.31776e-05
2.31545e-05
2.31314e-05
2.31084e-05
2.30853e-05
2.30623e-05
2.30393e-05
2.30163e-05
2.29934e-05
2.29705e-05
2.29476e-05
2.29247e-05
2.29018e-05
2.2879e-05
2.28562e-05
2.28334e-05
2.28106e-05
2.27879e-05
2.27652e-05
2.27425e-05
2.27198e-05
2.26972e-05
2.26745e-05
2.26519e-05
2.26294e-05
2.26068e-05
2.25843e-05
2.25618e-05
2.25393e-05
2.25168e-05
2.24944e-05
2.24719e-05
2.24495e-05
2.24272e-05
2.24048e-05
2.23825e-05
2.23602e-05
2.23379e-05
2.23156e-05
2.22934e-05
2.22712e-05
2.2249e-05
2.22268e-05
2.22047e-05
2.21825e-05
2.21604e-05
2.21384e-05
2.21163e-05
2.20943e-05
2.20724e-05
2.20507e-05
2.20289e-05
2.20072e-05
2.19854e-05
2.19637e-05
2.19421e-05
2.19204e-05
2.18988e-05
2.18772e-05
2.18556e-05
2.1834e-05
2.18124e-05
2.17909e-05
2.17694e-05
2.17479e-05
2.17265e-05
2.1705e-05
2.16836e-05
2.16622e-05
2.16408e-05
2.16195e-05
2.15981e-05
2.15768e-05
2.15555e-05
2.15343e-05
2.1513e-05
2.14918e-05
2.14706e-05
2.14494e-05
2.14282e-05
2.14071e-05
2.13859e-05
2.13648e-05
2.13438e-05
2.13227e-05
2.13017e-05
2.12806e-05
2.12596e-05
2.12387e-05
2.12177e-05
2.11968e-05
2.11759e-05
2.1155e-05
2.11341e-05
2.11132e-05
2.10924e-05
2.10716e-05
2.10508e-05
2.103e-05
2.10093e-05
2.09885e-05
2.09678e-05
2.09472e-05
2.09265e-05
2.09058e-05
2.08852e-05
2.08646e-05
2.0844e-05
2.08235e-05
2.08029e-05
2.07824e-05
2.07619e-05
2.07414e-05
2.07209e-05
2.07005e-05
2.06801e-05
2.06597e-05
2.06393e-05
2.06189e-05
2.05986e-05
2.05783e-05
2.0558e-05
2.05377e-05
2.05174e-05
2.04972e-05
2.0477e-05
2.04568e-05
2.04366e-05
2.04164e-05
2.03963e-05
2.03762e-05
2.03561e-05
2.0336e-05
2.03159e-05
2.02959e-05
2.02759e-05
2.02559e-05
2.02359e-05
2.02159e-05
2.0196e-05
2.01761e-05
2.01562e-05
2.01363e-05
2.01164e-05
2.00966e-05
2.00768e-05
2.0057e-05
2.00372e-05
2.00174e-05
1.99977e-05
1.9978e-05
1.99583e-05
1.99386e-05
1.99189e-05
1.98993e-05
1.98797e-05
1.98601e-05
1.98405e-05
1.98209e-05
1.98014e-05
1.97818e-05
1.97623e-05
1.97428e-05
1.97234e-05
1.97039e-05
1.96845e-05
1.96651e-05
1.96457e-05
1.96263e-05
1.9607e-05
1.95876e-05
1.95683e-05
1.9549e-05
1.95298e-05
1.95105e-05
1.94913e-05
1.9472e-05
1.94528e-05
1.94337e-05
1.94145e-05
1.93954e-05
1.93762e-05
1.93571e-05
1.93381e-05
1.9319e-05
1.92999e-05
1.92809e-05
1.92619e-05
1.92429e-05
1.92239e-05
1.9205e-05
1.91861e-05
1.91672e-05
1.91483e-05
1.91294e-05
1.91105e-05
1.90917e-05
1.90729e-05
1.90541e-05
1.90353e-05
1.90165e-05
1.89978e-05
1.8979e-05
1.89603e-05
1.89417e-05
1.8923e-05
1.89043e-05
1.88857e-05
1.88671e-05
1.88485e-05
1.88299e-05
1.88114e-05
1.87928e-05
1.87743e-05
1.87558e-05
1.87373e-05
1.87188e-05
1.87004e-05
1.8682e-05
1.86635e-05
1.86452e-05
1.86268e-05
1.86084e-05
1.85901e-05
1.85718e-05
1.85535e-05
1.85352e-05
1.85169e-05
1.84987e-05
1.84804e-05
1.84622e-05
1.8444e-05
1.84259e-05
1.84077e-05
1.83896e-05
1.83715e-05
1.83534e-05
1.83353e-05
1.83172e-05
1.82992e-05
1.82811e-05
1.82631e-05
1.82451e-05
1.82272e-05
1.82092e-05
1.81913e-05
1.81733e-05
1.81554e-05
1.81375e-05
1.81197e-05
1.81018e-05
1.8084e-05
1.80662e-05
1.80484e-05
1.80306e-05
1.80128e-05
1.79951e-05
1.79774e-05
1.79597e-05
1.7942e-05
1.79243e-05
1.79066e-05
1.7889e-05
1.78714e-05
1.78538e-05
1.78362e-05
1.78186e-05
1.78011e-05
1.77835e-05
1.7766e-05
1.77485e-05
1.77311e-05
1.77136e-05
1.76961e-05
1.76787e-05
1.76613e-05
1.76439e-05
1.76265e-05
1.76092e-05
1.75918e-05
1.75745e-05
1.75572e-05
1.75399e-05
1.75226e-05
1.75054e-05
1.74882e-05
1.74709e-05
1.74537e-05
1.74365e-05
1.74194e-05
1.74022e-05
1.73851e-05
1.7368e-05
1.73509e-05
1.73338e-05
1.73167e-05
1.72997e-05
1.72826e-05
1.72656e-05
1.72486e-05
1.72317e-05
1.72147e-05
1.71977e-05
1.71808e-05
1.71639e-05
1.7147e-05
1.71301e-05
1.71133e-05
1.70964e-05
1.70796e-05
1.70628e-05
1.7046e-05
1.70292e-05
1.70124e-05
1.69957e-05
1.6979e-05
1.69622e-05
1.69455e-05
1.69289e-05
1.69122e-05
1.68956e-05
1.68789e-05
1.68623e-05
1.68457e-05
1.68291e-05
1.68126e-05
1.6796e-05
1.67795e-05
1.6763e-05
1.67465e-05
1.673e-05
1.67136e-05
1.66971e-05
1.66807e-05
1.66643e-05
1.66479e-05
1.66315e-05
1.66151e-05
1.65988e-05
1.65824e-05
1.65661e-05
1.65498e-05
1.65335e-05
1.65173e-05
1.6501e-05
1.64848e-05
1.64686e-05
1.64524e-05
1.64362e-05
1.642e-05
1.64038e-05
1.63877e-05
1.63716e-05
1.63555e-05
1.63394e-05
1.63233e-05
1.63073e-05
1.62912e-05
1.62752e-05
1.62592e-05
1.62433e-05
1.62273e-05
1.62114e-05
1.61954e-05
1.61795e-05
1.61636e-05
1.61477e-05
1.61319e-05
1.6116e-05
1.61002e-05
1.60844e-05
1.60686e-05
1.60528e-05
1.6037e-05
1.60213e-05
1.60055e-05
1.59898e-05
1.59741e-05
1.59584e-05
1.59427e-05
1.59271e-05
1.59114e-05
1.58958e-05
1.58802e-05
1.58646e-05
1.5849e-05
1.58334e-05
1.58179e-05
1.58023e-05
1.57868e-05
1.57713e-05
1.57558e-05
1.57403e-05
1.57249e-05
1.57094e-05
1.5694e-05
1.56786e-05
1.56632e-05
1.56478e-05
1.56324e-05
1.56171e-05
1.56018e-05
1.55864e-05
1.55711e-05
1.55558e-05
1.55406e-05
1.55253e-05
1.55101e-05
1.54948e-05
1.54796e-05
1.54644e-05
1.54492e-05
1.54341e-05
1.54189e-05
1.54038e-05
1.53886e-05
1.53735e-05
1.53584e-05
1.53434e-05
1.53283e-05
1.53132e-05
1.52982e-05
1.52832e-05
1.52682e-05
1.52532e-05
1.52382e-05
1.52233e-05
1.52083e-05
1.51934e-05
1.51785e-05
1.51636e-05
1.51487e-05
1.51338e-05
1.5119e-05
1.51041e-05
1.50893e-05
1.50745e-05
1.50597e-05
1.50449e-05
1.50301e-05
1.50154e-05
1.50006e-05
1.49859e-05
1.49712e-05
1.49565e-05
1.49418e-05
1.49272e-05
1.49125e-05
1.48979e-05
1.48833e-05
1.48687e-05
1.48541e-05
1.48395e-05
1.48249e-05
1.48104e-05
1.47959e-05
1.47814e-05
1.4767e-05
1.47525e-05
1.47381e-05
1.47238e-05
1.47094e-05
1.4695e-05
1.46807e-05
1.46663e-05
1.4652e-05
1.46377e-05
1.46234e-05
1.46091e-05
1.45949e-05
1.45806e-05
1.45664e-05
1.45522e-05
1.45379e-05
1.45238e-05
1.45096e-05
1.44954e-05
1.44813e-05
1.44671e-05
1.4453e-05
1.44389e-05
1.44248e-05
1.44107e-05
1.43966e-05
1.43826e-05
1.43685e-05
1.43545e-05
1.43405e-05
1.43265e-05
1.43125e-05
1.42985e-05
1.42846e-05
1.42706e-05
1.42567e-05
1.42428e-05
1.42289e-05
1.4215e-05
1.42011e-05
1.41873e-05
1.41734e-05
1.41596e-05
1.41458e-05
1.41319e-05
1.41182e-05
1.41044e-05
1.40906e-05
1.40769e-05
1.40631e-05
1.40494e-05
1.40357e-05
1.4022e-05
1.40083e-05
1.39946e-05
1.3981e-05
1.39673e-05
1.39537e-05
1.39401e-05
1.39265e-05
1.39129e-05
1.38993e-05
1.38857e-05
1.38722e-05
1.38586e-05
1.38451e-05
1.38316e-05
1.38181e-05
1.38046e-05
1.37911e-05
1.37777e-05
1.37642e-05
1.37508e-05
1.37374e-05
1.3724e-05
1.37106e-05
1.36972e-05
1.36839e-05
1.36705e-05
1.36572e-05
1.36438e-05
1.36305e-05
1.36172e-05
1.36039e-05
1.35907e-05
1.35774e-05
1.35642e-05
1.3551e-05
1.35378e-05
1.35246e-05
1.35114e-05
1.34982e-05
1.3485e-05
1.34719e-05
1.34588e-05
1.34457e-05
1.34325e-05
1.34194e-05
1.34064e-05
1.33933e-05
1.33802e-05
1.33672e-05
1.33542e-05
1.33412e-05
1.33281e-05
1.33152e-05
1.33022e-05
1.32892e-05
1.32763e-05
1.32633e-05
1.32504e-05
1.32375e-05
1.32246e-05
1.32117e-05
1.31988e-05
1.31859e-05
1.31731e-05
1.31603e-05
1.31474e-05
1.31346e-05
1.31218e-05
1.3109e-05
1.30962e-05
1.30835e-05
1.30707e-05
1.3058e-05
1.30453e-05
1.30326e-05
1.30199e-05
1.30072e-05
1.29945e-05
1.29818e-05
1.29692e-05
1.29565e-05
1.29439e-05
1.29313e-05
1.29187e-05
1.29061e-05
1.28935e-05
1.2881e-05
1.28684e-05
1.28559e-05
1.28434e-05
1.28308e-05
1.28183e-05
1.28059e-05
1.27934e-05
1.27809e-05
1.27685e-05
1.2756e-05
1.27436e-05
1.27312e-05
1.27188e-05
1.27064e-05
1.2694e-05
1.26816e-05
1.26693e-05
1.26569e-05
1.26446e-05
1.26323e-05
1.262e-05
1.26077e-05
1.25954e-05
1.25831e-05
1.25709e-05
1.25586e-05
1.25464e-05
1.25342e-05
1.2522e-05
1.25098e-05
1.24976e-05
1.24854e-05
1.24732e-05
1.24611e-05
1.24489e-05
1.24368e-05
1.24247e-05
1.24126e-05
1.24005e-05
1.23884e-05
1.23764e-05
1.23643e-05
1.23523e-05
1.23402e-05
1.23282e-05
1.23162e-05
1.23042e-05
1.22922e-05
1.22803e-05
1.22683e-05
1.22564e-05
1.22444e-05
1.22325e-05
1.22206e-05
1.22087e-05
1.21968e-05
1.21849e-05
1.2173e-05
1.21612e-05
1.21494e-05
1.21375e-05
1.21257e-05
1.21139e-05
1.21021e-05
1.20903e-05
1.20785e-05
1.20668e-05
1.2055e-05
1.20433e-05
1.20316e-05
1.20198e-05
1.20081e-05
1.19965e-05
1.19848e-05
1.19731e-05
1.19614e-05
1.19498e-05
1.19382e-05
1.19265e-05
1.19149e-05
1.19033e-05
1.18917e-05
1.18802e-05
1.18686e-05
1.1857e-05
1.18455e-05
1.1834e-05
1.18224e-05
1.18109e-05
1.17994e-05
1.1788e-05
1.17765e-05
1.1765e-05
1.17536e-05
1.17421e-05
1.17307e-05
1.17193e-05
1.17079e-05
1.16965e-05
1.16851e-05
1.16737e-05
1.16623e-05
1.1651e-05
1.16397e-05
1.16283e-05
1.1617e-05
1.16057e-05
1.15944e-05
1.15831e-05
1.15718e-05
1.15606e-05
1.15493e-05
1.15381e-05
1.15269e-05
1.15156e-05
1.15044e-05
1.14932e-05
1.14821e-05
1.14709e-05
1.14597e-05
1.14486e-05
1.14374e-05
1.14263e-05
1.14152e-05
1.14041e-05
1.1393e-05
1.13819e-05
1.13708e-05
1.13597e-05
1.13487e-05
1.13376e-05
1.13266e-05
1.13156e-05
1.13046e-05
1.12936e-05
1.12826e-05
1.12716e-05
1.12607e-05
1.12497e-05
1.12388e-05
1.12278e-05
1.12169e-05
1.1206e-05
1.11951e-05
1.11842e-05
1.11733e-05
1.11624e-05
1.11516e-05
1.11407e-05
1.11299e-05
1.11191e-05
1.11082e-05
1.10974e-05
1.10866e-05
1.10759e-05
1.10651e-05
1.10543e-05
1.10436e-05
1.10328e-05
1.10221e-05
1.10114e-05
1.10007e-05
1.099e-05
1.09793e-05
1.09686e-05
1.09579e-05
1.09473e-05
1.09366e-05
1.0926e-05
1.09154e-05
1.09047e-05
1.08941e-05
1.08835e-05
1.0873e-05
1.08624e-05
1.08518e-05
1.08413e-05
1.08307e-05
1.08202e-05
1.08097e-05
1.07992e-05
1.07887e-05
1.07782e-05
1.07677e-05
1.07572e-05
1.07468e-05
1.07363e-05
1.07259e-05
1.07154e-05
1.0705e-05
1.06946e-05
1.06842e-05
1.06738e-05
1.06634e-05
1.06531e-05
1.06427e-05
1.06324e-05
1.0622e-05
1.06117e-05
1.06014e-05
1.05911e-05
1.05808e-05
1.05705e-05
1.05602e-05
1.055e-05
1.05397e-05
1.05295e-05
1.05192e-05
1.0509e-05
1.04988e-05
1.04886e-05
1.04784e-05
1.04682e-05
1.0458e-05
1.04478e-05
1.04377e-05
1.04275e-05
1.04174e-05
1.04073e-05
1.03972e-05
1.03871e-05
1.0377e-05
1.03669e-05
1.03568e-05
1.03467e-05
1.03367e-05
1.03266e-05
1.03166e-05
1.03066e-05
1.02966e-05
1.02866e-05
1.02766e-05
1.02666e-05
1.02566e-05
1.02466e-05
1.02367e-05
1.02267e-05
1.02168e-05
1.02069e-05
1.01969e-05
1.0187e-05
1.01771e-05
1.01672e-05
1.01574e-05
1.01475e-05
1.01376e-05
1.01278e-05
1.01179e-05
1.01081e-05
1.00983e-05
1.00885e-05
1.00787e-05
1.00689e-05
1.00591e-05
1.00493e-05
1.00396e-05
1.00298e-05
1.00201e-05
1.00103e-05
1.00006e-05
9.99089e-06
