0.245906
0.160676
0.103692
0.0691215
0.0569152
0.0477206
0.0405936
0.0364528
0.0319644
0.0291821
0.0273254
0.0249737
0.0227527
0.0217404
0.0204078
0.0189048
0.0178999
0.017118
0.0161928
0.0152427
0.0146538
0.0140256
0.0133692
0.0126811
0.0123266
0.0118959
0.0114098
0.0109157
0.0105443
0.0102717
0.00995465
0.00960398
0.00928394
0.00901462
0.00874938
0.00851173
0.00825187
0.00801341
0.00783264
0.00763141
0.00741388
0.00721859
0.00702238
0.00687152
0.00673072
0.00657661
0.00641595
0.00628755
0.0061483
0.00600008
0.00586442
0.00574333
0.00562352
0.00552943
0.00542706
0.0053176
0.00521453
0.00511145
0.00500298
0.00490247
0.00482452
0.00474104
0.00466005
0.00458584
0.00450692
0.00442391
0.00433742
0.00425009
0.00418054
0.00412488
0.0040658
0.00400325
0.00393763
0.00387519
0.00381185
0.00374608
0.00367825
0.00362954
0.00357841
0.00352726
0.00347996
0.00343046
0.00337899
0.0033258
0.00327113
0.00321599
0.00317718
0.00313898
0.00309907
0.00305762
0.0030148
0.00297078
0.00292665
0.00288389
0.00284377
0.00281068
0.00277641
0.00274107
0.0027063
0.00267293
0.00263865
0.00260357
0.00256778
0.00253139
0.00250046
0.00247387
0.00244646
0.00241832
0.00238953
0.00236014
0.00233024
0.0022999
0.00226918
0.002245
0.00222139
0.00219726
0.00217266
0.00214765
0.00212226
0.00209657
0.00207234
0.00204785
0.00202488
0.00200392
0.00198264
0.00196245
0.00194252
0.00192229
0.00190179
0.00188107
0.00186014
0.00183905
0.00181926
0.0018023
0.0017851
0.00176768
0.00175007
0.00173228
0.00171435
0.00169629
0.00167813
0.00166004
0.00164503
0.00162985
0.00161454
0.0015991
0.00158356
0.00156793
0.00155268
0.00153787
0.00152297
0.00150801
0.0014931
0.00148062
0.00146802
0.00145533
0.00144255
0.0014297
0.00141679
0.00140382
0.00139082
0.00137778
0.00136484
0.0013537
0.0013425
0.00133124
0.00131994
0.0013086
0.00129724
0.00128584
0.00127444
0.00126302
0.0012516
0.00124135
0.00123138
0.00122139
0.00121138
0.00120148
0.00119198
0.00118246
0.00117292
0.00116337
0.00115381
0.00114425
0.00113474
0.00112637
0.00111797
0.00110956
0.00110114
0.00109271
0.00108427
0.00107583
0.00106739
0.00105896
0.00105054
0.00104213
0.0010344
0.00102691
0.00101941
0.00101192
0.00100443
0.000996939
0.00098946
0.000981991
0.000974535
0.000967094
0.00095983
0.000952706
0.000946147
0.00093977
0.000933393
0.000927017
0.000920645
0.000914277
0.000907916
0.000901564
0.000895222
0.000888892
0.000882575
0.000876273
0.000870101
0.000864397
0.0008587
0.00085301
0.000847329
0.000841658
0.000835998
0.00083035
0.000824717
0.000819098
0.000813495
0.000807909
0.000802341
0.000796792
0.000791626
0.000786546
0.000781652
0.000776776
0.000771909
0.000767052
0.000762206
0.000757372
0.00075255
0.000747741
0.000742947
0.000738167
0.000733402
0.000728969
0.000724593
0.000720228
0.000715873
0.000711529
0.000707197
0.000702878
0.000698571
0.000694278
0.000689998
0.000685734
0.000681484
0.00067725
0.000673032
0.00066883
0.000664844
0.000660953
0.000657073
0.000653207
0.000649353
0.000645512
0.000641752
0.000638043
0.000634345
0.000630659
0.000626986
0.000623325
0.000619678
0.000616144
0.000612759
0.000609383
0.000606018
0.000602663
0.000599318
0.000595985
0.000592663
0.000589352
0.000586053
0.000582766
0.000579491
0.000576229
0.00057298
0.000569743
0.00056652
0.00056331
0.000560135
0.000557134
0.000554144
0.000551164
0.000548196
0.000545238
0.000542292
0.000539357
0.000536434
0.000533522
0.000530622
0.000527767
0.000524953
0.000522149
0.000519436
0.000516809
0.000514191
0.000511581
0.000508981
0.00050639
0.000503808
0.000501235
0.000498672
0.000496119
0.000493576
0.000491042
0.000488518
0.000486005
0.000483502
0.000481009
0.000478526
0.000476054
0.000473593
0.000471142
0.000468782
0.000466471
0.000464169
0.000461876
0.000459592
0.000457316
0.00045505
0.000452793
0.000450546
0.000448308
0.000446079
0.000443859
0.000441649
0.000439449
0.000437354
0.000435312
0.000433277
0.00043125
0.00042923
0.000427218
0.000425213
0.000423216
0.000421227
0.000419245
0.000417271
0.000415305
0.000413347
0.000411397
0.000409455
0.00040752
0.000405594
0.000403676
0.000401766
0.000399864
0.000397971
0.000396085
0.000394208
0.000392417
0.000390635
0.000388859
0.00038709
0.000385328
0.000383574
0.000381826
0.000380086
0.000378353
0.000376627
0.000374909
0.000373197
0.000371494
0.000369797
0.00036816
0.00036657
0.000364986
0.000363408
0.000361836
0.00036027
0.00035871
0.000357156
0.000355608
0.000354066
0.00035253
0.000351
0.000349477
0.000347959
0.000346448
0.000344943
0.000343444
0.000341951
0.000340464
0.000338983
0.000337509
0.000336041
0.000334579
0.000333123
0.000331673
0.00033023
0.00032883
0.000327451
0.000326078
0.00032471
0.000323347
0.00032199
0.000320639
0.000319293
0.000317952
0.000316617
0.000315287
0.000313963
0.000312655
0.000311358
0.000310093
0.000308852
0.000307616
0.000306385
0.000305158
0.000303936
0.000302719
0.000301507
0.000300299
0.000299095
0.000297897
0.000296703
0.000295513
0.000294329
0.000293149
0.000291973
0.000290803
0.000289637
0.000288476
0.000287319
0.000286167
0.00028502
0.000283877
0.000282739
0.000281606
0.000280477
0.000279353
0.000278233
0.000277118
0.000276008
0.000274918
0.000273851
0.000272793
0.000271747
0.000270705
0.000269667
0.000268632
0.000267602
0.000266576
0.000265553
0.000264535
0.000263521
0.00026251
0.000261504
0.000260512
0.000259544
0.000258581
0.00025762
0.000256663
0.00025571
0.00025476
0.000253814
0.000252872
0.000251932
0.000250997
0.000250065
0.000249136
0.000248211
0.00024729
0.000246372
0.000245458
0.000244547
0.000243639
0.000242735
0.000241835
0.000240938
0.000240044
0.000239155
0.000238268
0.000237385
0.000236505
0.000235629
0.000234756
0.000233887
0.000233021
0.000232184
0.000231357
0.000230533
0.000229712
0.000228894
0.000228079
0.000227267
0.000226458
0.000225651
0.000224848
0.000224048
0.000223251
0.000222457
0.000221666
0.000220877
0.000220092
0.000219309
0.00021853
0.000217768
0.000217015
0.000216265
0.000215518
0.000214773
0.000214031
0.000213292
0.000212555
0.000211821
0.00021109
0.000210361
0.000209635
0.000208911
0.00020819
0.000207472
0.000206757
0.000206044
0.000205333
0.000204625
0.00020392
0.000203218
0.000202518
0.00020182
0.000201125
0.000200433
0.000199743
0.000199056
0.000198372
0.000197695
0.000197038
0.000196383
0.00019573
0.00019508
0.000194432
0.000193786
0.000193142
0.000192501
0.000191862
0.000191225
0.00019059
0.000189958
0.000189327
0.000188699
0.000188074
0.00018745
0.000186829
0.00018621
0.000185593
0.000184978
0.000184365
0.000183755
0.000183147
0.000182541
0.000181937
0.000181345
0.000180759
0.000180175
0.000179594
0.000179014
0.000178436
0.00017786
0.000177286
0.000176715
0.000176145
0.000175577
0.000175011
0.000174447
0.000173885
0.000173325
0.000172767
0.00017221
0.000171656
0.000171104
0.000170553
0.000170005
0.000169458
0.000168913
0.000168371
0.000167841
0.000167317
0.000166795
0.000166275
0.000165756
0.00016524
0.000164724
0.000164211
0.000163699
0.000163189
0.000162681
0.000162174
0.000161669
0.000161166
0.000160664
0.000160164
0.000159666
0.000159169
0.000158674
0.000158181
0.000157689
0.000157199
0.000156711
0.000156224
0.000155739
0.000155255
0.000154773
0.000154293
0.000153814
0.000153337
0.000152862
0.000152388
0.000151916
0.000151445
0.000150976
0.000150508
0.000150042
0.000149581
0.000149127
0.000148675
0.000148224
0.000147774
0.000147326
0.00014688
0.000146435
0.000145991
0.000145549
0.000145108
0.000144668
0.00014423
0.000143794
0.000143359
0.000142925
0.000142494
0.000142074
0.000141655
0.000141237
0.000140821
0.000140405
0.000139992
0.000139579
0.000139168
0.000138758
0.000138349
0.000137942
0.000137536
0.000137131
0.000136727
0.000136325
0.000135924
0.000135524
0.000135125
0.000134728
0.000134332
0.000133937
0.000133543
0.000133151
0.00013276
0.00013237
0.000131981
0.000131593
0.000131207
0.000130822
0.000130438
0.000130056
0.000129674
0.000129294
0.000128915
0.000128537
0.00012816
0.000127785
0.00012741
0.000127037
0.000126665
0.000126294
0.000125925
0.000125556
0.000125189
0.000124823
0.000124458
0.000124094
0.000123731
0.00012337
0.000123009
0.000122655
0.000122305
0.000121955
0.000121607
0.000121259
0.000120913
0.000120567
0.000120223
0.00011988
0.000119537
0.000119196
0.000118856
0.000118517
0.000118178
0.000117841
0.000117505
0.00011717
0.000116836
0.000116504
0.000116177
0.00011585
0.000115525
0.000115201
0.000114878
0.000114556
0.000114234
0.000113914
0.000113594
0.000113276
0.000112958
0.000112641
0.000112326
0.000112011
0.000111697
0.000111384
0.000111072
0.000110761
0.000110451
0.000110141
0.000109833
0.000109526
0.000109219
0.000108913
0.000108609
0.000108305
0.000108002
0.0001077
0.000107398
0.000107098
0.000106799
0.0001065
0.000106203
0.000105906
0.00010561
0.000105315
0.000105021
0.000104728
0.000104435
0.000104144
0.000103853
0.000103563
0.000103274
0.000102986
0.000102699
0.000102413
0.000102127
0.000101842
0.000101558
0.000101275
0.000100993
0.000100716
0.00010044
0.000100165
9.98907e-05
9.96172e-05
9.93445e-05
9.90726e-05
9.88015e-05
9.85311e-05
9.82615e-05
9.79927e-05
9.77247e-05
9.74574e-05
9.71909e-05
9.69251e-05
9.66601e-05
9.63959e-05
9.61324e-05
9.58696e-05
9.56077e-05
9.53464e-05
9.50859e-05
9.48262e-05
9.45672e-05
9.4309e-05
9.40514e-05
9.37947e-05
9.35386e-05
9.32833e-05
9.30287e-05
9.27749e-05
9.25217e-05
9.22693e-05
9.20176e-05
9.17667e-05
9.15164e-05
9.12669e-05
9.10181e-05
9.077e-05
9.05226e-05
9.0276e-05
9.00314e-05
8.97888e-05
8.95468e-05
8.93056e-05
8.9065e-05
8.88251e-05
8.85859e-05
8.83473e-05
8.81094e-05
8.78722e-05
8.76356e-05
8.73997e-05
8.71645e-05
8.69299e-05
8.66959e-05
8.64627e-05
8.623e-05
8.59981e-05
8.57667e-05
8.55361e-05
8.5306e-05
8.50766e-05
8.48479e-05
8.46198e-05
8.43923e-05
8.41655e-05
8.39393e-05
8.37137e-05
8.34888e-05
8.32645e-05
8.30408e-05
8.28178e-05
8.25954e-05
8.23736e-05
8.21524e-05
8.19318e-05
8.17119e-05
8.14926e-05
8.12738e-05
8.10558e-05
8.08383e-05
8.06214e-05
8.04051e-05
8.01895e-05
7.99744e-05
7.97599e-05
7.95473e-05
7.93367e-05
7.91267e-05
7.89173e-05
7.87084e-05
7.85001e-05
7.82923e-05
7.80851e-05
7.78785e-05
7.76725e-05
7.7467e-05
7.7262e-05
7.70576e-05
7.68538e-05
7.66506e-05
7.64478e-05
7.62457e-05
7.60441e-05
7.5843e-05
7.56425e-05
7.54425e-05
7.52431e-05
7.50442e-05
7.48459e-05
7.46481e-05
7.44509e-05
7.42541e-05
7.4058e-05
7.38623e-05
7.36672e-05
7.34726e-05
7.32786e-05
7.30851e-05
7.28921e-05
7.26996e-05
7.25077e-05
7.23162e-05
7.21253e-05
7.1935e-05
7.17451e-05
7.15558e-05
7.1367e-05
7.11787e-05
7.09909e-05
7.08036e-05
7.06168e-05
7.04306e-05
7.02448e-05
7.00596e-05
6.98748e-05
6.96906e-05
6.95069e-05
6.93236e-05
6.91409e-05
6.89587e-05
6.87769e-05
6.85957e-05
6.8415e-05
6.82347e-05
6.8055e-05
6.78757e-05
6.76969e-05
6.75186e-05
6.73408e-05
6.71635e-05
6.69867e-05
6.68103e-05
6.66344e-05
6.64591e-05
6.62841e-05
6.61097e-05
6.59357e-05
6.57623e-05
6.55893e-05
6.54167e-05
6.52446e-05
6.5073e-05
6.49019e-05
6.47312e-05
6.4561e-05
6.43913e-05
6.4222e-05
6.40532e-05
6.38849e-05
6.3717e-05
6.35496e-05
6.33826e-05
6.32161e-05
6.305e-05
6.28849e-05
6.27209e-05
6.25573e-05
6.23941e-05
6.22313e-05
6.2069e-05
6.19071e-05
6.17457e-05
6.15847e-05
6.14241e-05
6.1264e-05
6.11042e-05
6.0945e-05
6.07861e-05
6.06277e-05
6.04697e-05
6.03121e-05
6.01549e-05
5.99982e-05
5.98419e-05
5.9686e-05
5.95305e-05
5.93754e-05
5.92208e-05
5.90666e-05
5.89127e-05
5.87593e-05
5.86063e-05
5.84538e-05
5.83016e-05
5.81498e-05
5.79985e-05
5.78475e-05
5.76978e-05
5.75489e-05
5.74003e-05
5.72522e-05
5.71044e-05
5.69571e-05
5.68101e-05
5.66635e-05
5.65173e-05
5.63715e-05
5.62261e-05
5.60811e-05
5.59364e-05
5.57921e-05
5.56482e-05
5.55047e-05
5.53615e-05
5.52188e-05
5.50764e-05
5.49344e-05
5.47927e-05
5.46515e-05
5.45106e-05
5.437e-05
5.42299e-05
5.40901e-05
5.39507e-05
5.38116e-05
5.36729e-05
5.35346e-05
5.33967e-05
5.32591e-05
5.31218e-05
5.2985e-05
5.28485e-05
5.27123e-05
5.25765e-05
5.24411e-05
5.2306e-05
5.21713e-05
5.2037e-05
5.1903e-05
5.17693e-05
5.1636e-05
5.1503e-05
5.13704e-05
5.12382e-05
5.11063e-05
5.09747e-05
5.08435e-05
5.07127e-05
5.05822e-05
5.0452e-05
5.03222e-05
5.01927e-05
5.00635e-05
4.99347e-05
4.98062e-05
4.96781e-05
4.95503e-05
4.94229e-05
4.92958e-05
4.9169e-05
4.90425e-05
4.89164e-05
4.87906e-05
4.86652e-05
4.85401e-05
4.84153e-05
4.82908e-05
4.81667e-05
4.80429e-05
4.79194e-05
4.77962e-05
4.76734e-05
4.75509e-05
4.74287e-05
4.73068e-05
4.71853e-05
4.70641e-05
4.69432e-05
4.68226e-05
4.67023e-05
4.65824e-05
4.64627e-05
4.63434e-05
4.62244e-05
4.61057e-05
4.59874e-05
4.58693e-05
4.57515e-05
4.56341e-05
4.5517e-05
4.54001e-05
4.52836e-05
4.51674e-05
4.50515e-05
4.49359e-05
4.48206e-05
4.47056e-05
4.45909e-05
4.44765e-05
4.43624e-05
4.42487e-05
4.41352e-05
4.4022e-05
4.39091e-05
4.37965e-05
4.36842e-05
4.35722e-05
4.34605e-05
4.33491e-05
4.3238e-05
4.31271e-05
4.30166e-05
4.29064e-05
4.27964e-05
4.26868e-05
4.25774e-05
4.24683e-05
4.23595e-05
4.2251e-05
4.21428e-05
4.20348e-05
4.19271e-05
4.18198e-05
4.17127e-05
4.16059e-05
4.14993e-05
4.13931e-05
4.12871e-05
4.11814e-05
4.1076e-05
4.09709e-05
4.0866e-05
4.07614e-05
4.06571e-05
4.05531e-05
4.04493e-05
4.03458e-05
4.02426e-05
4.01397e-05
4.0037e-05
3.99346e-05
3.98325e-05
3.97306e-05
3.9629e-05
3.95277e-05
3.94266e-05
3.93258e-05
3.92253e-05
3.9125e-05
3.9025e-05
3.89252e-05
3.88257e-05
3.87265e-05
3.86276e-05
3.85289e-05
3.84304e-05
3.83322e-05
3.82343e-05
3.81366e-05
3.80392e-05
3.79421e-05
3.78452e-05
3.77485e-05
3.76521e-05
3.7556e-05
3.74601e-05
3.73645e-05
3.72691e-05
3.7174e-05
3.70791e-05
3.69844e-05
3.68901e-05
3.67959e-05
3.6702e-05
3.66084e-05
3.6515e-05
3.64219e-05
3.63294e-05
3.62372e-05
3.61451e-05
3.60534e-05
3.59619e-05
3.58706e-05
3.57795e-05
3.56887e-05
3.55981e-05
3.55078e-05
3.54176e-05
3.53278e-05
3.52381e-05
3.51487e-05
3.50595e-05
3.49706e-05
3.48819e-05
3.47934e-05
3.47051e-05
3.46171e-05
3.45293e-05
3.44417e-05
3.43544e-05
3.42673e-05
3.41804e-05
3.40937e-05
3.40073e-05
3.39211e-05
3.38351e-05
3.37493e-05
3.36638e-05
3.35784e-05
3.34933e-05
3.34085e-05
3.33238e-05
3.32394e-05
3.31551e-05
3.30711e-05
3.29873e-05
3.29038e-05
3.28204e-05
3.27373e-05
3.26544e-05
3.25717e-05
3.24892e-05
3.24069e-05
3.23248e-05
3.2243e-05
3.21614e-05
3.20799e-05
3.19987e-05
3.19177e-05
3.18369e-05
3.17563e-05
3.1676e-05
3.15958e-05
3.15159e-05
3.14361e-05
3.13566e-05
3.12772e-05
3.11981e-05
3.11192e-05
3.10404e-05
3.09619e-05
3.08836e-05
3.08055e-05
3.07276e-05
3.06499e-05
3.05724e-05
3.04951e-05
3.0418e-05
3.03411e-05
3.02644e-05
3.01879e-05
3.01116e-05
3.00355e-05
2.99596e-05
2.98838e-05
2.98083e-05
2.9733e-05
2.96579e-05
2.95829e-05
2.95082e-05
2.94337e-05
2.93593e-05
2.92852e-05
2.92112e-05
2.91374e-05
2.90638e-05
2.89904e-05
2.89172e-05
2.88442e-05
2.87714e-05
2.86989e-05
2.86266e-05
2.85546e-05
2.84827e-05
2.8411e-05
2.83394e-05
2.82681e-05
2.81969e-05
2.81259e-05
2.80552e-05
2.79845e-05
2.79141e-05
2.78439e-05
2.77738e-05
2.77039e-05
2.76342e-05
2.75647e-05
2.74953e-05
2.74262e-05
2.73572e-05
2.72884e-05
2.72197e-05
2.71513e-05
2.7083e-05
2.70149e-05
2.6947e-05
2.68792e-05
2.68116e-05
2.67442e-05
2.6677e-05
2.66099e-05
2.6543e-05
2.64763e-05
2.64098e-05
2.63434e-05
2.62772e-05
2.62112e-05
2.61453e-05
2.60796e-05
2.60141e-05
2.59488e-05
2.58836e-05
2.58186e-05
2.57537e-05
2.5689e-05
2.56245e-05
2.55602e-05
2.5496e-05
2.5432e-05
2.53681e-05
2.53044e-05
2.52409e-05
2.51775e-05
2.51143e-05
2.50513e-05
2.49884e-05
2.49257e-05
2.48632e-05
2.48008e-05
2.47385e-05
2.46765e-05
2.46146e-05
2.45528e-05
2.44912e-05
2.44298e-05
2.43685e-05
2.43074e-05
2.42464e-05
2.41856e-05
2.4125e-05
2.40645e-05
2.40042e-05
2.3944e-05
2.3884e-05
2.38241e-05
2.37644e-05
2.37048e-05
2.36454e-05
2.35861e-05
2.3527e-05
2.34681e-05
2.34093e-05
2.33506e-05
2.32921e-05
2.32338e-05
2.31756e-05
2.31175e-05
2.30596e-05
2.30019e-05
2.29443e-05
2.28868e-05
2.28295e-05
2.27724e-05
2.27153e-05
2.26585e-05
2.26018e-05
2.25452e-05
2.24888e-05
2.24325e-05
2.23763e-05
2.23203e-05
2.22645e-05
2.22088e-05
2.21532e-05
2.20978e-05
2.20425e-05
2.19874e-05
2.19324e-05
2.18775e-05
2.18228e-05
2.17682e-05
2.17138e-05
2.16595e-05
2.16054e-05
2.15514e-05
2.14975e-05
2.14437e-05
2.13901e-05
2.13367e-05
2.12834e-05
2.12302e-05
2.11771e-05
2.11242e-05
2.10714e-05
2.10188e-05
2.09663e-05
2.09139e-05
2.08617e-05
2.08096e-05
2.07576e-05
2.07057e-05
2.0654e-05
2.06025e-05
2.0551e-05
2.04997e-05
2.04485e-05
2.03975e-05
2.03466e-05
2.02958e-05
2.02452e-05
2.01946e-05
2.01442e-05
2.0094e-05
2.00438e-05
1.99938e-05
1.9944e-05
1.98942e-05
1.98446e-05
1.97951e-05
1.97457e-05
1.96965e-05
1.96474e-05
1.95984e-05
1.95495e-05
1.95008e-05
1.94522e-05
1.94037e-05
1.93553e-05
1.93071e-05
1.92589e-05
1.92109e-05
1.91631e-05
1.91153e-05
1.90677e-05
1.90202e-05
1.89728e-05
1.89256e-05
1.88784e-05
1.88314e-05
1.87845e-05
1.87377e-05
1.86911e-05
1.86445e-05
1.85981e-05
1.85518e-05
1.85056e-05
1.84596e-05
1.84136e-05
1.83678e-05
1.83221e-05
1.82765e-05
1.8231e-05
1.81857e-05
1.81404e-05
1.80953e-05
1.80503e-05
1.80054e-05
1.79606e-05
1.79159e-05
1.78714e-05
1.78269e-05
1.77826e-05
1.77384e-05
1.76943e-05
1.76503e-05
1.76064e-05
1.75627e-05
1.7519e-05
1.74755e-05
1.74321e-05
1.73887e-05
1.73455e-05
1.73025e-05
1.72595e-05
1.72166e-05
1.71738e-05
1.71312e-05
1.70886e-05
1.70462e-05
1.70039e-05
1.69617e-05
1.69195e-05
1.68775e-05
1.68356e-05
1.67939e-05
1.67522e-05
1.67106e-05
1.66691e-05
1.66278e-05
1.65865e-05
1.65454e-05
1.65043e-05
1.64634e-05
1.64225e-05
1.63818e-05
1.63412e-05
1.63006e-05
1.62602e-05
1.62199e-05
1.61797e-05
1.61396e-05
1.60996e-05
1.60597e-05
1.60199e-05
1.59802e-05
1.59406e-05
1.5901e-05
1.58616e-05
1.58223e-05
1.57832e-05
1.57441e-05
1.57051e-05
1.56662e-05
1.56274e-05
1.55887e-05
1.55501e-05
1.55115e-05
1.54731e-05
1.54348e-05
1.53966e-05
1.53585e-05
1.53205e-05
1.52826e-05
1.52448e-05
1.5207e-05
1.51694e-05
1.51319e-05
1.50944e-05
1.50571e-05
1.50199e-05
1.49827e-05
1.49457e-05
1.49087e-05
1.48718e-05
1.48351e-05
1.47984e-05
1.47618e-05
1.47253e-05
1.46889e-05
1.46526e-05
1.46164e-05
1.45803e-05
1.45442e-05
1.45083e-05
1.44724e-05
1.44367e-05
1.4401e-05
1.43655e-05
1.433e-05
1.42946e-05
1.42593e-05
1.42241e-05
1.4189e-05
1.41539e-05
1.4119e-05
1.40841e-05
1.40494e-05
1.40147e-05
1.39801e-05
1.39456e-05
1.39112e-05
1.38769e-05
1.38426e-05
1.38085e-05
1.37744e-05
1.37405e-05
1.37066e-05
1.36728e-05
1.36391e-05
1.36054e-05
1.35719e-05
1.35384e-05
1.3505e-05
1.34718e-05
1.34386e-05
1.34054e-05
1.33724e-05
1.33395e-05
1.33066e-05
1.32738e-05
1.32411e-05
1.32085e-05
1.3176e-05
1.31435e-05
1.31111e-05
1.30789e-05
1.30466e-05
1.30146e-05
1.29826e-05
1.29507e-05
1.29189e-05
1.28872e-05
1.28555e-05
1.28239e-05
1.27925e-05
1.27611e-05
1.27297e-05
1.26985e-05
1.26673e-05
1.26362e-05
1.26052e-05
1.25743e-05
1.25434e-05
1.25126e-05
1.2482e-05
1.24513e-05
1.24208e-05
1.23903e-05
1.23599e-05
1.23296e-05
1.22994e-05
1.22692e-05
1.22392e-05
1.22092e-05
1.21792e-05
1.21494e-05
1.21196e-05
1.20899e-05
1.20603e-05
1.20307e-05
1.20013e-05
1.19719e-05
1.19425e-05
1.19133e-05
1.18841e-05
1.1855e-05
1.1826e-05
1.1797e-05
1.17681e-05
1.17393e-05
1.17106e-05
1.16819e-05
1.16533e-05
1.16248e-05
1.15964e-05
1.1568e-05
1.15397e-05
1.15114e-05
1.14833e-05
1.14552e-05
1.14272e-05
1.13992e-05
1.13714e-05
1.13436e-05
1.13158e-05
1.12882e-05
1.12606e-05
1.1233e-05
1.12056e-05
1.11782e-05
1.11509e-05
1.11236e-05
1.10965e-05
1.10694e-05
1.10423e-05
1.10153e-05
1.09884e-05
1.09616e-05
1.09348e-05
1.09081e-05
1.08815e-05
1.08549e-05
1.08284e-05
1.0802e-05
1.07756e-05
1.07493e-05
1.07231e-05
1.0697e-05
1.06709e-05
1.06448e-05
1.06189e-05
1.0593e-05
1.05671e-05
1.05413e-05
1.05156e-05
1.049e-05
1.04644e-05
1.04389e-05
1.04135e-05
1.03881e-05
1.03628e-05
1.03375e-05
1.03123e-05
1.02872e-05
1.02621e-05
1.02371e-05
1.02122e-05
1.01873e-05
1.01625e-05
1.01378e-05
1.01131e-05
1.00885e-05
1.00639e-05
1.00394e-05
1.0015e-05
9.9906e-06
