0.248633
0.163199
0.105693
0.069569
0.0566089
0.0483084
0.0411218
0.0376345
0.0332149
0.0299847
0.0282033
0.0259213
0.0240726
0.0223821
0.0211027
0.0198519
0.0189234
0.0178179
0.0167119
0.0159404
0.0154117
0.0147581
0.0141349
0.0134972
0.0128318
0.0124329
0.0119654
0.0116156
0.0112234
0.0108013
0.0103663
0.00995716
0.00972069
0.00946898
0.00922381
0.00897071
0.00868997
0.00838783
0.00810914
0.00792563
0.00777237
0.00759714
0.00741157
0.00722302
0.00701983
0.00680568
0.0066788
0.00655899
0.00642566
0.00629261
0.00615215
0.00601593
0.00592687
0.00582951
0.00572495
0.00561421
0.00549824
0.00540107
0.00532449
0.00524193
0.00515413
0.00506178
0.00496555
0.00488754
0.00482221
0.0047524
0.00467861
0.00460135
0.00452107
0.00445089
0.00439538
0.00433639
0.0042743
0.00420946
0.00414221
0.00407347
0.00402643
0.00397663
0.00392433
0.0038698
0.00381329
0.00375504
0.00370282
0.00366082
0.00361677
0.00357088
0.00352332
0.00347429
0.00342396
0.00338021
0.00334315
0.00330453
0.0032645
0.0032232
0.00318077
0.00314633
0.00311523
0.00308351
0.00305124
0.0030199
0.00299202
0.00296465
0.00293671
0.00290824
0.00288168
0.00285544
0.00282853
0.00280221
0.00277705
0.00275146
0.00272746
0.00270527
0.00268246
0.00265908
0.00263517
0.00261077
0.00258691
0.00256727
0.00254795
0.0025281
0.00250774
0.00248692
0.00246566
0.00244402
0.00242343
0.00240659
0.00238927
0.00237152
0.00235336
0.00233481
0.0023159
0.00229667
0.00227868
0.00226357
0.00224807
0.0022322
0.00221598
0.00219944
0.0021826
0.00216548
0.00214905
0.00213549
0.00212161
0.00210742
0.00209293
0.00207816
0.00206314
0.00204787
0.00203238
0.00202012
0.00200768
0.00199498
0.00198201
0.00196881
0.00195539
0.00194175
0.00192792
0.00191563
0.00190447
0.00189308
0.00188147
0.00186965
0.00185764
0.00184543
0.00183306
0.00182052
0.00181048
0.00180027
0.00178985
0.00177926
0.00176848
0.00175754
0.00174645
0.00173521
0.00172449
0.00171531
0.00170596
0.00169645
0.00168677
0.00167695
0.00166699
0.00165689
0.00164667
0.00163721
0.0016288
0.00162025
0.00161155
0.00160271
0.00159375
0.00158467
0.00157547
0.00156616
0.00155755
0.00154985
0.00154202
0.00153406
0.00152599
0.0015178
0.00150951
0.00150112
0.00149264
0.00148457
0.00147751
0.00147033
0.00146305
0.00145567
0.00144819
0.00144061
0.00143295
0.0014252
0.00141747
0.00141099
0.00140441
0.00139774
0.00139098
0.00138413
0.00137719
0.00137018
0.0013631
0.00135594
0.00134961
0.00134357
0.00133745
0.00133125
0.00132497
0.00131862
0.00131219
0.0013057
0.00129915
0.00129278
0.00128723
0.00128161
0.00127592
0.00127016
0.00126433
0.00125843
0.00125248
0.00124646
0.00124039
0.00123492
0.00122975
0.00122451
0.00121921
0.00121385
0.00120844
0.00120297
0.00119744
0.00119186
0.00118624
0.00118143
0.00117661
0.00117173
0.0011668
0.00116181
0.00115678
0.00115169
0.00114656
0.00114138
0.0011363
0.00113185
0.00112736
0.00112281
0.00111821
0.00111357
0.00110889
0.00110416
0.00109938
0.00109457
0.00108994
0.00108579
0.00108159
0.00107735
0.00107306
0.00106873
0.00106437
0.00105996
0.00105552
0.00105104
0.00104676
0.00104287
0.00103895
0.00103499
0.00103099
0.00102695
0.00102288
0.00101877
0.00101463
0.00101046
0.00100644
0.00100281
0.000999138
0.000995434
0.000991695
0.000987923
0.000984119
0.000980285
0.00097642
0.000972527
0.000968718
0.000965314
0.000961878
0.00095841
0.000954911
0.000951382
0.000947825
0.00094424
0.000940628
0.00093699
0.000933347
0.000930154
0.000926932
0.000923682
0.000920403
0.000917098
0.000913766
0.000910409
0.000907028
0.000903623
0.000900195
0.000897117
0.000894092
0.000891041
0.000887965
0.000884864
0.000881739
0.000878592
0.000875422
0.00087223
0.000869018
0.000866015
0.000863171
0.000860303
0.000857413
0.0008545
0.000851565
0.000848609
0.000845633
0.000842637
0.000839622
0.000836683
0.000834005
0.000831306
0.000828585
0.000825845
0.000823084
0.000820304
0.000817506
0.000814689
0.000811855
0.000809004
0.000806447
0.000803902
0.000801338
0.000798756
0.000796155
0.000793537
0.000790901
0.000788249
0.00078558
0.000782896
0.000780365
0.000777963
0.000775543
0.000773105
0.000770651
0.000768181
0.000765695
0.000763194
0.000760677
0.000758146
0.000755642
0.000753371
0.000751083
0.000748779
0.000746459
0.000744125
0.000741776
0.000739413
0.000737037
0.000734646
0.000732243
0.00073002
0.000727853
0.000725672
0.000723477
0.000721267
0.000719045
0.000716809
0.00071456
0.000712299
0.000710026
0.000707815
0.00070576
0.000703692
0.00070161
0.000699516
0.000697409
0.00069529
0.000693159
0.000691017
0.000688863
0.000686699
0.000684717
0.000682753
0.000680776
0.000678787
0.000676787
0.000674775
0.000672753
0.000670719
0.000668676
0.000666622
0.000664646
0.000662777
0.000660896
0.000659005
0.000657102
0.00065519
0.000653266
0.000651333
0.000649391
0.000647439
0.000645477
0.000643693
0.000641901
0.000640099
0.000638287
0.000636465
0.000634633
0.000632792
0.000630942
0.000629084
0.000627217
0.000625436
0.000623725
0.000622005
0.000620276
0.000618537
0.00061679
0.000615034
0.00061327
0.000611497
0.000609717
0.000607944
0.000606308
0.000604664
0.000603011
0.000601349
0.000599679
0.000598001
0.000596316
0.000594622
0.000592922
0.000591214
0.000589595
0.00058802
0.000586437
0.000584846
0.000583248
0.000581642
0.000580028
0.000578408
0.000576781
0.000575147
0.000573533
0.000572022
0.000570504
0.000568978
0.000567445
0.000565906
0.000564359
0.000562806
0.000561246
0.00055968
0.000558108
0.000556623
0.000555164
0.000553699
0.000552226
0.000550748
0.000549263
0.000547772
0.000546274
0.000544771
0.000543262
0.000541779
0.000540375
0.000538964
0.000537548
0.000536126
0.000534697
0.000533263
0.000531824
0.000530379
0.000528928
0.000527473
0.000526094
0.000524735
0.00052337
0.000522
0.000520624
0.000519243
0.000517856
0.000516465
0.000515068
0.000513667
0.000512285
0.000510973
0.000509656
0.000508333
0.000507006
0.000505674
0.00050439
0.000503163
0.000501931
0.000500694
0.000499453
0.000498216
0.000497076
0.00049593
0.000494779
0.000493623
0.000492462
0.000491297
0.000490127
0.000488952
0.000487773
0.00048659
0.000485402
0.00048421
0.000483105
0.000482005
0.0004809
0.000479791
0.000478678
0.00047756
0.000476438
0.000475312
0.000474182
0.000473048
0.000471909
0.000470768
0.000469686
0.000468629
0.000467567
0.000466502
0.000465432
0.000464358
0.000463281
0.000462199
0.000461114
0.000460025
0.000458933
0.000457837
0.000456779
0.000455761
0.000454739
0.000453713
0.000452684
0.000451651
0.000450615
0.000449575
0.000448531
0.000447485
0.000446434
0.000445381
0.000444343
0.000443362
0.000442377
0.000441389
0.000440397
0.000439402
0.000438404
0.000437402
0.000436397
0.00043539
0.000434379
0.000433365
0.000432349
0.000431399
0.000430448
0.000429494
0.000428537
0.000427577
0.000426614
0.000425649
0.00042468
0.000423708
0.000422734
0.000421757
0.000420778
0.000419838
0.00041892
0.000417998
0.000417074
0.000416147
0.000415217
0.000414284
0.000413349
0.000412412
0.000411472
0.000410529
0.000409584
0.000408653
0.000407764
0.000406873
0.000405979
0.000405082
0.000404183
0.000403282
0.000402379
0.000401473
0.000400564
0.000399654
0.000398741
0.000397827
0.000396955
0.000396092
0.000395227
0.000394359
0.000393489
0.000392617
0.000391743
0.000390867
0.000389989
0.000389109
0.000388227
0.000387343
0.00038647
0.000385633
0.000384795
0.000383955
0.000383112
0.000382268
0.000381422
0.000380574
0.000379724
0.000378872
0.000378018
0.000377163
0.000376306
0.000375476
0.000374663
0.000373848
0.000373032
0.000372214
0.000371394
0.000370572
0.000369749
0.000368951
0.000368212
0.000367472
0.00036673
0.000365986
0.000365255
0.000364557
0.000363857
0.000363154
0.000362451
0.000361745
0.000361038
0.000360329
0.000359618
0.000358906
0.000358193
0.000357477
0.000356761
0.000356043
0.000355343
0.000354666
0.000353988
0.000353309
0.000352628
0.000351945
0.000351261
0.000350575
0.000349888
0.0003492
0.00034851
0.000347819
0.000347127
0.000346433
0.000345756
0.000345101
0.000344444
0.000343786
0.000343127
0.000342466
0.000341804
0.00034114
0.000340476
0.00033981
0.000339142
0.000338474
0.000337804
0.000337134
0.000336475
0.00033584
0.000335204
0.000334566
0.000333927
0.000333287
0.000332646
0.000332003
0.00033136
0.000330715
0.000330069
0.000329423
0.000328775
0.000328126
0.00032748
0.000326864
0.000326247
0.000325629
0.00032501
0.000324389
0.000323768
0.000323146
0.000322522
0.000321898
0.000321273
0.000320647
0.00032002
0.000319392
0.000318763
0.000318157
0.000317558
0.000316958
0.000316358
0.000315757
0.000315154
0.000314551
0.000313947
0.000313342
0.000312737
0.00031213
0.000311523
0.000310915
0.000310307
0.000309701
0.000309121
0.000308539
0.000307957
0.000307374
0.00030679
0.000306205
0.000305619
0.000305033
0.000304447
0.000303859
0.000303271
0.000302682
0.000302093
0.000301503
0.000300921
0.000300357
0.000299792
0.000299227
0.000298661
0.000298094
0.000297526
0.000296958
0.000296389
0.00029582
0.00029525
0.00029468
0.000294109
0.000293538
0.000292966
0.000292401
0.000291853
0.000291305
0.000290789
0.000290293
0.000289797
0.0002893
0.000288803
0.000288305
0.000287806
0.000287307
0.000286807
0.000286306
0.00028582
0.000285344
0.000284867
0.000284389
0.00028391
0.000283431
0.000282951
0.000282471
0.00028199
0.000281509
0.000281027
0.000280544
0.000280061
0.000279578
0.000279094
0.000278609
0.000278138
0.000277675
0.000277212
0.000276749
0.000276285
0.00027582
0.000275355
0.000274889
0.000274423
0.000273957
0.00027349
0.000273022
0.000272554
0.000272086
0.000271617
0.000271148
0.000270686
0.000270237
0.000269788
0.000269338
0.000268888
0.000268437
0.000267987
0.000267535
0.000267083
0.000266631
0.000266179
0.000265726
0.000265272
0.000264819
0.000264365
0.000263911
0.000263456
0.000263017
0.000262581
0.000262145
0.000261709
0.000261272
0.000260834
0.000260397
0.000259959
0.000259521
0.000259082
0.000258643
0.000258204
0.000257765
0.000257325
0.000256886
0.000256445
0.000256005
0.000255582
0.000255159
0.000254735
0.000254312
0.000253888
0.000253464
0.000253039
0.000252615
0.00025219
0.000251765
0.000251339
0.000250914
0.000250488
0.000250062
0.000249636
0.00024921
0.000248783
0.000248369
0.000247959
0.000247548
0.000247137
0.000246726
0.000246315
0.000245904
0.000245492
0.00024508
0.000244668
0.000244256
0.000243844
0.000243431
0.000243019
0.000242606
0.000242193
0.00024178
0.00024137
0.000240972
0.000240574
0.000240176
0.000239777
0.000239379
0.00023898
0.000238581
0.000238182
0.000237783
0.000237384
0.000236984
0.000236618
0.000236257
0.000235895
0.000235533
0.000235171
0.000234808
0.00023446
0.000234112
0.000233763
0.000233415
0.000233066
0.000232717
0.000232368
0.000232019
0.000231669
0.00023132
0.00023097
0.00023062
0.00023027
0.000229919
0.000229569
0.000229218
0.000228867
0.000228517
0.000228171
0.000227834
0.000227496
0.000227158
0.00022682
0.000226481
0.000226143
0.000225804
0.000225465
0.000225127
0.000224788
0.000224448
0.000224109
0.00022377
0.00022343
0.000223091
0.000222751
0.000222411
0.000222072
0.000221738
0.00022141
0.000221083
0.000220755
0.000220427
0.000220099
0.000219771
0.000219442
0.000219114
0.000218785
0.000218457
0.000218128
0.0002178
0.000217471
0.000217142
0.000216813
0.000216484
0.000216155
0.000215826
0.000215499
0.000215181
0.000214863
0.000214545
0.000214227
0.000213909
0.000213591
0.000213273
0.000212955
0.000212637
0.000212319
0.000212
0.000211682
0.000211364
0.000211045
0.000210727
0.000210409
0.00021009
0.000209772
0.000209453
0.000209138
0.00020883
0.000208522
0.000208214
0.000207905
0.000207597
0.000207289
0.000206981
0.000206673
0.000206365
0.000206057
0.000205749
0.000205441
0.000205132
0.000204824
0.000204516
0.000204208
0.0002039
0.000203592
0.000203284
0.000202976
0.000202676
0.000202378
0.000202079
0.000201781
0.000201483
0.000201185
0.000200886
0.000200588
0.00020029
0.000199992
0.000199694
0.000199396
0.000199098
0.0001988
0.000198502
0.000198204
0.000197906
0.000197608
0.000197311
0.000197013
0.00019673
0.000196461
0.000196192
0.000195923
0.000195654
0.000195384
0.000195115
0.00019485
0.00019459
0.00019433
0.00019407
0.000193809
0.000193549
0.000193288
0.000193028
0.000192768
0.000192507
0.000192247
0.000191986
0.000191726
0.000191465
0.000191205
0.000190944
0.000190684
0.000190423
0.000190163
0.000189902
0.000189642
0.000189381
0.000189128
0.000188875
0.000188623
0.000188371
0.000188118
0.000187866
0.000187614
0.000187362
0.000187109
0.000186857
0.000186605
0.000186353
0.0001861
0.000185848
0.000185596
0.000185344
0.000185092
0.00018484
0.000184587
0.000184335
0.000184084
0.000183832
0.000183584
0.00018334
0.000183095
0.000182851
0.000182607
0.000182362
0.000182118
0.000181874
0.00018163
0.000181385
0.000181141
0.000180897
0.000180653
0.000180409
0.000180165
0.000179921
0.000179677
0.000179434
0.00017919
0.000178946
0.000178703
0.000178459
0.000178216
0.000177976
0.00017774
0.000177503
0.000177267
0.000177031
0.000176794
0.000176558
0.000176322
0.000176086
0.000175849
0.000175613
0.000175377
0.000175141
0.000174906
0.00017467
0.000174434
0.000174198
0.000173963
0.000173727
0.000173492
0.000173257
0.000173021
0.000172786
0.000172551
0.000172322
0.000172093
0.000171865
0.000171636
0.000171408
0.000171179
0.000170951
0.000170723
0.000170494
0.000170266
0.000170038
0.00016981
0.000169583
0.000169355
0.000169127
0.0001689
0.000168672
0.000168445
0.000168217
0.00016799
0.000167763
0.000167536
0.000167309
0.000167082
0.000166858
0.000166637
0.000166416
0.000166196
0.000165975
0.000165755
0.000165534
0.00016532
0.000165116
0.000164912
0.000164709
0.000164505
0.000164301
0.000164097
0.000163894
0.00016369
0.000163487
0.000163283
0.00016308
0.000162879
0.000162681
0.000162484
0.000162286
0.000162088
0.000161891
0.000161693
0.000161495
0.000161298
0.000161101
0.000160903
0.000160706
0.000160509
0.000160311
0.000160114
0.000159917
0.00015972
0.000159523
0.000159326
0.000159129
0.000158932
0.000158736
0.000158539
0.000158342
0.000158146
0.000157949
0.000157758
0.000157567
0.000157375
0.000157184
0.000156993
0.000156802
0.000156611
0.00015642
0.000156229
0.000156038
0.000155847
0.000155657
0.000155466
0.000155276
0.000155085
0.000154895
0.000154704
0.000154514
0.000154324
0.000154134
0.000153944
0.000153754
0.000153564
0.000153374
0.000153184
0.000152995
0.000152808
0.000152623
0.000152438
0.000152254
0.000152069
0.000151884
0.0001517
0.000151516
0.000151331
0.000151147
0.000150963
0.000150779
0.000150595
0.000150411
0.000150227
0.000150043
0.000149859
0.000149676
0.000149492
0.000149309
0.000149125
0.000148942
0.000148759
0.000148576
0.000148393
0.00014821
0.000148027
0.000147846
0.000147667
0.000147489
0.000147311
0.000147132
0.000146954
0.000146776
0.000146599
0.000146421
0.000146243
0.000146065
0.000145888
0.00014571
0.000145533
0.000145356
0.000145179
0.000145002
0.000144825
0.000144648
0.000144471
0.000144294
0.000144118
0.000143941
0.000143765
0.000143589
0.000143412
0.000143236
0.00014306
0.000142884
0.000142712
0.00014254
0.000142368
0.000142197
0.000142025
0.000141854
0.000141682
0.000141511
0.00014134
0.000141169
0.000140998
0.000140827
0.000140656
0.000140486
0.000140315
0.000140152
0.000139995
0.000139838
0.000139682
0.000139525
0.000139368
0.000139212
0.000139055
0.000138899
0.000138742
0.000138586
0.00013843
0.000138273
0.000138117
0.000137961
0.000137805
0.000137649
0.000137493
0.000137337
0.000137182
0.000137026
0.00013687
0.000136715
0.000136561
0.000136409
0.000136258
0.000136106
0.000135954
0.000135803
0.000135651
0.0001355
0.000135348
0.000135197
0.000135046
0.000134895
0.000134743
0.000134592
0.000134441
0.00013429
0.00013414
0.000133989
0.000133838
0.000133688
0.000133537
0.000133387
0.000133236
0.000133086
0.000132936
0.000132786
0.000132636
0.000132486
0.000132336
0.000132186
0.000132037
0.000131891
0.000131744
0.000131598
0.000131452
0.000131306
0.00013116
0.000131014
0.000130868
0.000130722
0.000130576
0.00013043
0.000130285
0.000130139
0.000129994
0.000129848
0.000129703
0.000129558
0.000129413
0.000129268
0.000129123
0.000128978
0.000128833
0.000128688
0.000128544
0.000128399
0.000128255
0.00012811
0.000127966
0.000127822
0.000127678
0.000127534
0.000127392
0.000127251
0.00012711
0.00012697
0.000126829
0.000126688
0.000126548
0.000126407
0.000126267
0.000126127
0.000125986
0.000125846
0.000125706
0.000125566
0.000125426
0.000125287
0.000125147
0.000125007
0.000124868
0.000124728
0.000124589
0.00012445
0.000124311
0.000124172
0.000124033
0.000123894
0.000123755
0.000123616
0.000123478
0.000123339
0.000123201
0.000123062
0.000122925
0.000122789
0.000122654
0.000122518
0.000122383
0.000122248
0.000122113
0.000121978
0.000121843
0.000121708
0.000121573
0.000121439
0.000121304
0.00012117
0.000121036
0.000120901
0.000120767
0.000120633
0.000120499
0.000120365
0.000120231
0.000120098
0.000119964
0.000119831
0.000119706
0.000119581
0.000119456
0.000119332
0.000119207
0.000119082
0.000118958
0.000118833
0.00011871
0.000118589
0.000118467
0.000118345
0.000118223
0.000118102
0.00011798
0.000117859
0.000117737
0.000117616
0.000117495
0.000117373
0.000117252
0.000117131
0.00011701
0.000116889
0.000116768
0.000116648
0.000116527
0.000116406
0.000116286
0.000116165
0.000116045
0.000115924
0.000115804
0.000115684
0.000115563
0.000115443
0.000115323
0.000115203
0.000115083
0.000114964
0.000114844
0.000114724
0.000114605
0.000114488
0.00011437
0.000114253
0.000114136
0.000114019
0.000113902
0.000113785
0.000113669
0.000113552
0.000113435
0.000113319
0.000113202
0.000113086
0.000112969
0.000112853
0.000112737
0.000112621
0.000112504
0.000112388
0.000112273
0.000112157
0.000112041
0.000111925
0.000111809
0.000111694
0.000111578
0.000111463
0.000111348
0.000111232
0.000111117
0.000111002
0.000110887
0.000110772
0.000110657
0.000110542
0.000110428
0.000110316
0.000110203
0.000110091
0.000109978
0.000109866
0.000109754
0.000109641
0.000109529
0.000109417
0.000109305
0.000109193
0.000109082
0.00010897
0.000108858
0.000108747
0.000108635
0.000108524
0.000108412
0.000108301
0.00010819
0.000108079
0.000107968
0.000107857
0.000107746
0.000107635
0.000107524
0.000107413
0.000107303
0.000107192
0.000107082
0.000106971
0.000106861
0.000106751
0.000106641
0.000106531
0.000106421
0.000106311
0.000106203
0.000106095
0.000105987
0.000105879
0.000105771
0.000105664
0.000105556
0.000105449
0.000105342
0.000105234
0.000105127
0.00010502
0.000104913
0.000104806
0.000104699
0.000104592
0.000104485
0.000104379
0.000104272
0.000104166
0.000104059
0.000103953
0.000103847
0.00010374
0.000103634
0.000103528
0.000103422
0.000103316
0.000103211
0.000103105
0.000102999
0.000102897
0.000102798
0.0001027
0.000102602
0.000102504
0.000102406
0.000102308
0.00010221
0.000102112
0.000102014
0.000101917
0.000101819
0.000101721
0.000101624
0.000101526
0.000101429
0.000101332
0.000101234
0.000101137
0.00010104
0.000100943
0.000100846
0.000100749
0.000100652
0.000100555
0.000100458
0.000100361
0.000100265
0.000100168
0.000100072
9.99751e-05
9.98787e-05
9.97838e-05
9.96891e-05
9.95944e-05
9.94998e-05
9.94053e-05
9.93109e-05
9.92165e-05
9.91221e-05
9.90278e-05
9.89336e-05
9.88394e-05
9.87453e-05
9.86513e-05
9.85573e-05
9.84634e-05
9.83696e-05
9.82758e-05
9.8182e-05
9.80884e-05
9.79948e-05
9.79012e-05
9.78077e-05
9.77143e-05
9.7621e-05
9.75277e-05
9.74344e-05
9.73413e-05
9.72482e-05
9.71551e-05
9.70622e-05
9.69692e-05
9.68764e-05
9.67836e-05
9.66909e-05
9.65982e-05
9.65057e-05
9.64131e-05
9.63207e-05
9.62283e-05
9.61359e-05
9.60439e-05
9.59532e-05
9.58625e-05
9.57719e-05
9.56813e-05
9.55908e-05
9.55004e-05
9.541e-05
9.53197e-05
9.52294e-05
9.51392e-05
9.50491e-05
9.4959e-05
9.4869e-05
9.47791e-05
9.46892e-05
9.45994e-05
9.45096e-05
9.44199e-05
9.43303e-05
9.42407e-05
9.41512e-05
9.40618e-05
9.39724e-05
9.38831e-05
9.37938e-05
9.37047e-05
9.36155e-05
9.35265e-05
9.34375e-05
9.33486e-05
9.32597e-05
9.31709e-05
9.30822e-05
9.29935e-05
9.29049e-05
9.28164e-05
9.27279e-05
9.26395e-05
9.25512e-05
9.24629e-05
9.23747e-05
9.22866e-05
9.21992e-05
9.21125e-05
9.20258e-05
9.19393e-05
9.18528e-05
9.17663e-05
9.16799e-05
9.15936e-05
9.15073e-05
9.14211e-05
9.1335e-05
9.12489e-05
9.11629e-05
9.1077e-05
9.09911e-05
9.09053e-05
9.08195e-05
9.07339e-05
9.06482e-05
9.05627e-05
9.04772e-05
9.03917e-05
9.03064e-05
9.02211e-05
9.01358e-05
9.00507e-05
8.99655e-05
8.98805e-05
8.97955e-05
8.97106e-05
8.96258e-05
8.9541e-05
8.94562e-05
8.93716e-05
8.9287e-05
8.92025e-05
8.9118e-05
8.90336e-05
8.89493e-05
8.8865e-05
8.87857e-05
8.87064e-05
8.86272e-05
8.8548e-05
8.84689e-05
8.83898e-05
8.83108e-05
8.82319e-05
8.81529e-05
8.80741e-05
8.79953e-05
8.79165e-05
8.78379e-05
8.77592e-05
8.76806e-05
8.76021e-05
8.75236e-05
8.74452e-05
8.73668e-05
8.72891e-05
8.7212e-05
8.71349e-05
8.70579e-05
8.6981e-05
8.69041e-05
8.68272e-05
8.67504e-05
8.66736e-05
8.65969e-05
8.65203e-05
8.64437e-05
8.63671e-05
8.62906e-05
8.62141e-05
8.61377e-05
8.60614e-05
8.59851e-05
8.59089e-05
8.58327e-05
8.57565e-05
8.56804e-05
8.56044e-05
8.55284e-05
8.54525e-05
8.53766e-05
8.53008e-05
8.5225e-05
8.51493e-05
8.50736e-05
8.4998e-05
8.49224e-05
8.48469e-05
8.47715e-05
8.46961e-05
8.46207e-05
8.45454e-05
8.44702e-05
8.4395e-05
8.43198e-05
8.42447e-05
8.41697e-05
8.40947e-05
8.40198e-05
8.39449e-05
8.38701e-05
8.3796e-05
8.37224e-05
8.36487e-05
8.35752e-05
8.35017e-05
8.34282e-05
8.33548e-05
8.32814e-05
8.32081e-05
8.31349e-05
8.30617e-05
8.29885e-05
8.29154e-05
8.28424e-05
8.27694e-05
8.26964e-05
8.26235e-05
8.25507e-05
8.24779e-05
8.24052e-05
8.23325e-05
8.22599e-05
8.21873e-05
8.21148e-05
8.20423e-05
8.19699e-05
8.18975e-05
8.18252e-05
8.17529e-05
8.16807e-05
8.16085e-05
8.15364e-05
8.14644e-05
8.13924e-05
8.13204e-05
8.12485e-05
8.11767e-05
8.11049e-05
8.10332e-05
8.09615e-05
8.08899e-05
8.08183e-05
8.07468e-05
8.06753e-05
8.06039e-05
8.05325e-05
8.04612e-05
8.039e-05
8.03192e-05
8.0249e-05
8.01789e-05
8.01088e-05
8.00387e-05
7.99687e-05
7.98988e-05
7.98289e-05
7.9759e-05
7.96892e-05
7.96195e-05
7.95498e-05
7.94802e-05
7.94106e-05
7.9341e-05
7.92716e-05
7.92021e-05
7.91327e-05
7.90634e-05
7.89941e-05
7.89249e-05
7.88557e-05
7.87866e-05
7.87176e-05
7.86485e-05
7.85796e-05
7.85107e-05
7.84418e-05
7.8373e-05
7.83042e-05
7.82355e-05
7.81669e-05
7.80983e-05
7.80298e-05
7.79613e-05
7.78928e-05
7.78244e-05
7.77561e-05
7.76878e-05
7.76196e-05
7.75514e-05
7.74833e-05
7.74152e-05
7.73472e-05
7.72792e-05
7.72113e-05
7.71435e-05
7.70757e-05
7.70079e-05
7.69402e-05
7.6874e-05
7.68097e-05
7.67455e-05
7.66813e-05
7.66175e-05
7.65543e-05
7.64911e-05
7.64279e-05
7.63648e-05
7.63018e-05
7.62388e-05
7.61758e-05
7.61128e-05
7.60499e-05
7.59871e-05
7.59243e-05
7.58615e-05
7.57988e-05
7.57361e-05
7.56734e-05
7.56109e-05
7.55483e-05
7.54858e-05
7.54233e-05
7.53609e-05
7.52985e-05
7.52362e-05
7.51739e-05
7.51116e-05
7.50494e-05
7.49872e-05
7.49251e-05
7.4863e-05
7.4801e-05
7.4739e-05
7.4677e-05
7.46151e-05
7.45532e-05
7.44914e-05
7.44296e-05
7.43679e-05
7.43062e-05
7.42445e-05
7.41829e-05
7.41214e-05
7.40599e-05
7.39984e-05
7.39369e-05
7.38756e-05
7.38142e-05
7.37529e-05
7.36916e-05
7.36304e-05
7.35693e-05
7.35081e-05
7.34471e-05
7.33867e-05
7.33265e-05
7.32663e-05
7.32062e-05
7.31461e-05
7.3086e-05
7.3026e-05
7.2966e-05
7.29061e-05
7.28462e-05
7.27863e-05
7.27265e-05
7.26667e-05
7.2607e-05
7.25473e-05
7.24877e-05
7.24281e-05
7.23685e-05
7.2309e-05
7.22495e-05
7.21901e-05
7.21307e-05
7.20714e-05
7.20121e-05
7.19528e-05
7.18936e-05
7.18344e-05
7.17753e-05
7.17162e-05
7.16571e-05
7.15981e-05
7.15392e-05
7.14802e-05
7.14214e-05
7.13625e-05
7.13038e-05
7.1245e-05
7.11863e-05
7.11276e-05
7.1069e-05
7.10104e-05
7.09519e-05
7.08934e-05
7.0835e-05
7.07766e-05
7.07182e-05
7.06599e-05
7.06016e-05
7.05434e-05
7.04852e-05
7.04271e-05
7.0369e-05
7.03109e-05
7.02529e-05
7.01955e-05
7.01383e-05
7.00811e-05
7.00239e-05
6.99668e-05
6.99098e-05
6.98527e-05
6.97957e-05
6.97388e-05
6.96819e-05
6.9625e-05
6.95682e-05
6.95114e-05
6.94546e-05
6.93979e-05
6.93413e-05
6.92847e-05
6.92281e-05
6.91716e-05
6.91151e-05
6.90586e-05
6.90022e-05
6.89458e-05
6.88895e-05
6.88332e-05
6.8777e-05
6.87208e-05
6.86646e-05
6.86085e-05
6.85524e-05
6.84964e-05
6.84404e-05
6.83845e-05
6.83286e-05
6.82727e-05
6.82169e-05
6.81611e-05
6.81054e-05
6.80497e-05
6.7994e-05
6.79384e-05
6.78829e-05
6.78273e-05
6.77718e-05
6.77164e-05
6.7661e-05
6.76056e-05
6.75503e-05
6.74951e-05
6.74398e-05
6.73846e-05
6.73295e-05
6.72744e-05
6.72193e-05
6.71643e-05
6.71093e-05
6.70544e-05
6.70001e-05
6.69459e-05
6.68917e-05
6.68375e-05
6.6785e-05
6.67332e-05
6.66815e-05
6.66299e-05
6.65782e-05
6.65266e-05
6.64751e-05
6.64236e-05
6.63721e-05
6.63206e-05
6.62692e-05
6.62178e-05
6.61664e-05
6.61151e-05
6.60638e-05
6.60126e-05
6.59614e-05
6.59102e-05
6.58591e-05
6.5808e-05
6.57569e-05
6.57059e-05
6.56549e-05
6.56039e-05
6.5553e-05
6.55021e-05
6.54512e-05
6.54004e-05
6.53496e-05
6.52989e-05
6.52481e-05
6.51975e-05
6.51468e-05
6.50962e-05
6.50456e-05
6.49951e-05
6.49446e-05
6.48941e-05
6.48437e-05
6.47933e-05
6.47429e-05
6.46926e-05
6.46423e-05
6.45921e-05
6.45422e-05
6.44926e-05
6.4443e-05
6.43934e-05
6.43439e-05
6.42944e-05
6.4245e-05
6.41956e-05
6.41462e-05
6.40968e-05
6.40475e-05
6.39982e-05
6.3949e-05
6.38998e-05
6.38506e-05
6.38015e-05
6.37524e-05
6.37033e-05
6.36543e-05
6.36053e-05
6.35563e-05
6.35074e-05
6.34584e-05
6.34096e-05
6.33608e-05
6.3312e-05
6.32632e-05
6.32145e-05
6.31658e-05
6.31171e-05
6.30685e-05
6.30199e-05
6.29713e-05
6.29228e-05
6.28743e-05
6.28259e-05
6.27775e-05
6.27291e-05
6.26807e-05
6.26324e-05
6.25841e-05
6.25359e-05
6.24877e-05
6.24395e-05
6.23914e-05
6.23433e-05
6.22952e-05
6.22472e-05
6.21992e-05
6.21512e-05
6.21033e-05
6.20554e-05
6.20075e-05
6.19597e-05
6.19119e-05
6.18641e-05
6.18164e-05
6.17687e-05
6.17211e-05
6.16734e-05
6.1626e-05
6.1579e-05
6.1532e-05
6.1485e-05
6.1438e-05
6.13911e-05
6.13443e-05
6.12974e-05
6.12506e-05
6.12038e-05
6.11571e-05
6.11104e-05
6.10637e-05
6.10171e-05
6.09704e-05
6.09239e-05
6.08773e-05
6.08308e-05
6.07843e-05
6.07379e-05
6.06915e-05
6.06451e-05
6.05988e-05
6.05525e-05
6.05062e-05
6.046e-05
6.04138e-05
6.03676e-05
6.03214e-05
6.02753e-05
6.02293e-05
6.01832e-05
6.01372e-05
6.00912e-05
6.00453e-05
5.99994e-05
5.99535e-05
5.99077e-05
5.98619e-05
5.98161e-05
5.97704e-05
5.97247e-05
5.9679e-05
5.96334e-05
5.95878e-05
5.95422e-05
5.94967e-05
5.94512e-05
5.94057e-05
5.93603e-05
5.93149e-05
5.92695e-05
5.92242e-05
5.91789e-05
5.91336e-05
5.90884e-05
5.90432e-05
5.8998e-05
5.89529e-05
5.89078e-05
5.88627e-05
5.88177e-05
5.87727e-05
5.87278e-05
5.86832e-05
5.86387e-05
5.85943e-05
5.85499e-05
5.85056e-05
5.84613e-05
5.8417e-05
5.83727e-05
5.83285e-05
5.82844e-05
5.82402e-05
5.81969e-05
5.81545e-05
5.81121e-05
5.80698e-05
5.80274e-05
5.79851e-05
5.79428e-05
5.79006e-05
5.78584e-05
5.78162e-05
5.7774e-05
5.77319e-05
5.76898e-05
5.76477e-05
5.76056e-05
5.75636e-05
5.75216e-05
5.74797e-05
5.74377e-05
5.73958e-05
5.73539e-05
5.73121e-05
5.72703e-05
5.72285e-05
5.71867e-05
5.7145e-05
5.71033e-05
5.70616e-05
5.70199e-05
5.69784e-05
5.69372e-05
5.68961e-05
5.68549e-05
5.68139e-05
5.67728e-05
5.67318e-05
5.66908e-05
5.66498e-05
5.66088e-05
5.65679e-05
5.6527e-05
5.64862e-05
5.64453e-05
5.64045e-05
5.63637e-05
5.6323e-05
5.62823e-05
5.62416e-05
5.62009e-05
5.61603e-05
5.61196e-05
5.60791e-05
5.60385e-05
5.5998e-05
5.59575e-05
5.5917e-05
5.58765e-05
5.58361e-05
5.57957e-05
5.57554e-05
5.5715e-05
5.56747e-05
5.56344e-05
5.55942e-05
5.5554e-05
5.55138e-05
5.54736e-05
5.54335e-05
5.53934e-05
5.53533e-05
5.53132e-05
5.52732e-05
5.52332e-05
5.51932e-05
5.51533e-05
5.51133e-05
5.50735e-05
5.50336e-05
5.49938e-05
5.49539e-05
5.49142e-05
5.48744e-05
5.48347e-05
5.4795e-05
5.47553e-05
5.47157e-05
5.46761e-05
5.46365e-05
5.45969e-05
5.45574e-05
5.45179e-05
5.44784e-05
5.4439e-05
5.43996e-05
5.43602e-05
5.43208e-05
5.42816e-05
5.42426e-05
5.42037e-05
5.41649e-05
5.4126e-05
5.40872e-05
5.40484e-05
5.40096e-05
5.39709e-05
5.39322e-05
5.38935e-05
5.38548e-05
5.38162e-05
5.37776e-05
5.3739e-05
5.37005e-05
5.36619e-05
5.36234e-05
5.3585e-05
5.35465e-05
5.35081e-05
5.34697e-05
5.34313e-05
5.3393e-05
5.33547e-05
5.33164e-05
5.32782e-05
5.32399e-05
5.32017e-05
5.31636e-05
5.31254e-05
5.30873e-05
5.30492e-05
5.30111e-05
5.29731e-05
5.29351e-05
5.28971e-05
5.28591e-05
5.28212e-05
5.27833e-05
5.27454e-05
5.27076e-05
5.26697e-05
5.26319e-05
5.25942e-05
5.25564e-05
5.25187e-05
5.2481e-05
5.24433e-05
5.24057e-05
5.23681e-05
5.23305e-05
5.2293e-05
5.22554e-05
5.22179e-05
5.21804e-05
5.2143e-05
5.21056e-05
5.20682e-05
5.20308e-05
5.19935e-05
5.19562e-05
5.19189e-05
5.18816e-05
5.18444e-05
5.18072e-05
5.177e-05
5.17328e-05
5.16957e-05
5.16586e-05
5.16215e-05
5.15846e-05
5.15479e-05
5.15113e-05
5.14746e-05
5.1438e-05
5.14014e-05
5.13649e-05
5.13283e-05
5.12918e-05
5.12554e-05
5.12189e-05
5.11825e-05
5.11461e-05
5.11097e-05
5.10734e-05
5.1037e-05
5.10007e-05
5.09645e-05
5.09282e-05
5.0892e-05
5.08558e-05
5.08196e-05
5.07843e-05
5.07494e-05
5.07145e-05
5.06796e-05
5.06448e-05
5.06099e-05
5.05751e-05
5.05404e-05
5.05056e-05
5.04709e-05
5.04364e-05
5.0402e-05
5.03677e-05
5.03334e-05
5.02991e-05
5.02648e-05
5.02305e-05
5.01963e-05
5.01621e-05
5.01279e-05
5.00937e-05
5.00596e-05
5.00255e-05
4.99914e-05
4.99573e-05
4.99233e-05
4.98892e-05
4.98552e-05
4.98212e-05
4.97873e-05
4.97533e-05
4.97194e-05
4.96855e-05
4.96516e-05
4.96178e-05
4.9584e-05
4.95502e-05
4.95164e-05
4.94826e-05
4.94489e-05
4.94152e-05
4.93815e-05
4.93478e-05
4.93141e-05
4.92805e-05
4.92469e-05
4.92133e-05
4.91798e-05
4.91462e-05
4.91127e-05
4.90792e-05
4.90458e-05
4.90123e-05
4.89789e-05
4.89455e-05
4.89121e-05
4.88788e-05
4.88454e-05
4.88121e-05
4.87788e-05
4.87456e-05
4.87123e-05
4.86791e-05
4.86459e-05
4.86127e-05
4.85796e-05
4.85464e-05
4.85133e-05
4.84802e-05
4.84472e-05
4.84141e-05
4.83811e-05
4.83481e-05
4.83151e-05
4.82822e-05
4.82492e-05
4.82163e-05
4.81834e-05
4.81506e-05
4.81177e-05
4.80849e-05
4.80521e-05
4.80193e-05
4.79866e-05
4.79541e-05
4.79216e-05
4.78892e-05
4.78568e-05
4.78245e-05
4.77921e-05
4.77598e-05
4.77275e-05
4.76953e-05
4.7663e-05
4.76308e-05
4.75986e-05
4.75664e-05
4.75342e-05
4.75021e-05
4.74699e-05
4.74378e-05
4.74058e-05
4.73737e-05
4.73417e-05
4.73097e-05
4.72777e-05
4.72457e-05
4.72137e-05
4.71818e-05
4.71499e-05
4.7118e-05
4.70862e-05
4.70543e-05
4.70225e-05
4.69907e-05
4.69589e-05
4.69272e-05
4.68954e-05
4.68637e-05
4.6832e-05
4.68004e-05
4.67687e-05
4.67371e-05
4.67055e-05
4.66739e-05
4.66424e-05
4.66108e-05
4.65793e-05
4.65478e-05
4.65163e-05
4.64849e-05
4.64534e-05
4.6422e-05
4.63906e-05
4.63593e-05
4.63279e-05
4.62966e-05
4.62653e-05
4.6234e-05
4.62028e-05
4.61715e-05
4.61403e-05
4.61091e-05
4.60779e-05
4.60468e-05
4.60157e-05
4.59845e-05
4.59535e-05
4.59224e-05
4.58913e-05
4.58603e-05
4.58293e-05
4.57983e-05
4.57674e-05
4.57364e-05
4.57055e-05
4.56746e-05
4.56438e-05
4.56129e-05
4.55821e-05
4.55513e-05
4.55205e-05
4.54897e-05
4.54592e-05
4.54287e-05
4.53983e-05
4.53678e-05
4.53374e-05
4.5307e-05
4.52767e-05
4.52463e-05
4.5216e-05
4.51857e-05
4.51554e-05
4.51251e-05
4.50949e-05
4.50646e-05
4.50344e-05
4.50043e-05
4.49741e-05
4.49439e-05
4.49138e-05
4.48837e-05
4.48536e-05
4.48236e-05
4.47935e-05
4.47635e-05
4.47335e-05
4.47035e-05
4.46736e-05
4.46436e-05
4.46137e-05
4.45838e-05
4.45539e-05
4.45241e-05
4.44943e-05
4.44652e-05
4.44365e-05
4.44079e-05
4.43792e-05
4.43506e-05
4.4322e-05
4.42934e-05
4.42648e-05
4.42363e-05
4.42077e-05
4.41792e-05
4.41507e-05
4.41222e-05
4.40938e-05
4.40653e-05
4.40369e-05
4.40085e-05
4.39801e-05
4.39518e-05
4.39234e-05
4.38951e-05
4.38668e-05
4.38385e-05
4.38102e-05
4.37819e-05
4.37537e-05
4.37254e-05
4.36972e-05
4.36691e-05
4.36409e-05
4.36127e-05
4.35846e-05
4.35565e-05
4.35284e-05
4.35003e-05
4.34722e-05
4.34442e-05
4.34162e-05
4.33882e-05
4.33602e-05
4.33322e-05
4.33043e-05
4.32763e-05
4.32484e-05
4.32205e-05
4.31926e-05
4.31648e-05
4.31369e-05
4.31091e-05
4.30813e-05
4.30535e-05
4.30257e-05
4.2998e-05
4.29702e-05
4.29425e-05
4.29148e-05
4.28871e-05
4.28595e-05
4.28318e-05
4.28042e-05
4.27766e-05
4.2749e-05
4.27214e-05
4.26939e-05
4.26663e-05
4.26388e-05
4.26113e-05
4.25838e-05
4.25564e-05
4.25289e-05
4.25017e-05
4.24745e-05
4.24473e-05
4.24201e-05
4.2393e-05
4.23658e-05
4.23387e-05
4.23116e-05
4.22845e-05
4.22575e-05
4.22304e-05
4.22034e-05
4.21764e-05
4.21494e-05
4.21225e-05
4.20955e-05
4.20686e-05
4.20416e-05
4.20147e-05
4.19879e-05
4.1961e-05
4.19341e-05
4.19073e-05
4.18805e-05
4.18537e-05
4.18269e-05
4.18001e-05
4.17734e-05
4.17467e-05
4.172e-05
4.16933e-05
4.16666e-05
4.16399e-05
4.16133e-05
4.15867e-05
4.15601e-05
4.15335e-05
4.15069e-05
4.14803e-05
4.14538e-05
4.14273e-05
4.14008e-05
4.13743e-05
4.13478e-05
4.13214e-05
4.1295e-05
4.12685e-05
4.12421e-05
4.12158e-05
4.11894e-05
4.1163e-05
4.11367e-05
4.11104e-05
4.10841e-05
4.10578e-05
4.10316e-05
4.10053e-05
4.09791e-05
4.09529e-05
4.09267e-05
4.09005e-05
4.08744e-05
4.08482e-05
4.08221e-05
4.0796e-05
4.07699e-05
4.07438e-05
4.07178e-05
4.06918e-05
4.06657e-05
4.06397e-05
4.06137e-05
4.05878e-05
4.05618e-05
4.05359e-05
4.051e-05
4.04841e-05
4.04582e-05
4.04323e-05
4.04065e-05
4.03806e-05
4.03548e-05
4.0329e-05
4.03033e-05
4.02775e-05
4.02517e-05
4.0226e-05
4.02004e-05
4.01749e-05
4.01494e-05
4.01239e-05
4.00984e-05
4.0073e-05
4.00476e-05
4.00222e-05
3.99968e-05
3.99714e-05
3.9946e-05
3.99207e-05
3.98954e-05
3.98701e-05
3.98448e-05
3.98195e-05
3.97942e-05
3.9769e-05
3.97438e-05
3.97186e-05
3.96934e-05
3.96682e-05
3.9643e-05
3.96179e-05
3.95928e-05
3.95677e-05
3.95426e-05
3.95175e-05
3.94924e-05
3.94674e-05
3.94424e-05
3.94174e-05
3.93924e-05
3.93674e-05
3.93424e-05
3.93175e-05
3.92925e-05
3.92676e-05
3.92427e-05
3.92179e-05
3.9193e-05
3.91682e-05
3.91433e-05
3.91185e-05
3.90937e-05
3.90689e-05
3.90442e-05
3.90199e-05
3.8996e-05
3.89721e-05
3.89483e-05
3.89244e-05
3.89006e-05
3.88767e-05
3.88529e-05
3.88291e-05
3.88053e-05
3.87815e-05
3.87578e-05
3.8734e-05
3.87103e-05
3.86866e-05
3.86629e-05
3.86392e-05
3.86155e-05
3.85919e-05
3.85682e-05
3.85446e-05
3.8521e-05
3.84974e-05
3.84738e-05
3.84502e-05
3.84267e-05
3.84031e-05
3.83796e-05
3.83561e-05
3.83326e-05
3.83091e-05
3.82857e-05
3.82622e-05
3.82388e-05
3.82153e-05
3.81919e-05
3.81685e-05
3.81452e-05
3.81218e-05
3.80985e-05
3.80751e-05
3.80518e-05
3.80285e-05
3.80052e-05
3.79819e-05
3.79587e-05
3.79354e-05
3.79122e-05
3.7889e-05
3.78658e-05
3.78426e-05
3.78194e-05
3.77962e-05
3.77731e-05
3.77501e-05
3.77272e-05
3.77042e-05
3.76813e-05
3.76584e-05
3.76355e-05
3.76126e-05
3.75897e-05
3.75669e-05
3.7544e-05
3.75212e-05
3.74984e-05
3.74756e-05
3.74528e-05
3.743e-05
3.74072e-05
3.73845e-05
3.73618e-05
3.73391e-05
3.73164e-05
3.72937e-05
3.7271e-05
3.72483e-05
3.72257e-05
3.7203e-05
3.71804e-05
3.71578e-05
3.71352e-05
3.71127e-05
3.70901e-05
3.70676e-05
3.7045e-05
3.70225e-05
3.7e-05
3.69775e-05
3.6955e-05
3.69326e-05
3.69101e-05
3.68877e-05
3.68653e-05
3.68428e-05
3.68205e-05
3.67981e-05
3.67757e-05
3.67534e-05
3.6731e-05
3.67087e-05
3.66864e-05
3.66641e-05
3.66418e-05
3.66195e-05
3.65973e-05
3.65751e-05
3.65528e-05
3.65306e-05
3.65084e-05
3.64862e-05
3.64641e-05
3.64419e-05
3.64198e-05
3.63976e-05
3.63755e-05
3.63534e-05
3.63313e-05
3.63093e-05
3.62872e-05
3.62652e-05
3.62431e-05
3.62211e-05
3.61991e-05
3.61771e-05
3.61551e-05
3.61332e-05
3.61112e-05
3.60893e-05
3.60674e-05
3.60455e-05
3.60236e-05
3.60017e-05
3.59798e-05
3.5958e-05
3.59361e-05
3.59143e-05
3.58925e-05
3.58707e-05
3.58489e-05
3.58272e-05
3.58054e-05
3.57837e-05
3.57619e-05
3.57402e-05
3.57185e-05
3.56968e-05
3.56752e-05
3.56535e-05
3.56319e-05
3.56102e-05
3.55886e-05
3.55672e-05
3.55457e-05
3.55243e-05
3.55029e-05
3.54815e-05
3.54601e-05
3.54387e-05
3.54173e-05
3.53959e-05
3.53746e-05
3.53533e-05
3.5332e-05
3.53107e-05
3.52894e-05
3.52681e-05
3.52468e-05
3.52256e-05
3.52043e-05
3.51831e-05
3.51619e-05
3.51407e-05
3.51195e-05
3.50983e-05
3.50772e-05
3.5056e-05
3.50349e-05
3.50138e-05
3.49927e-05
3.49716e-05
3.49505e-05
3.49295e-05
3.49084e-05
3.48874e-05
3.48663e-05
3.48453e-05
3.48243e-05
3.48033e-05
3.47824e-05
3.47614e-05
3.47405e-05
3.47195e-05
3.46986e-05
3.46777e-05
3.46568e-05
3.46359e-05
3.46151e-05
3.45942e-05
3.45734e-05
3.45526e-05
3.45317e-05
3.45109e-05
3.44902e-05
3.44694e-05
3.44486e-05
3.44279e-05
3.44071e-05
3.43864e-05
3.43657e-05
3.4345e-05
3.43243e-05
3.43037e-05
3.4283e-05
3.42624e-05
3.42417e-05
3.42214e-05
3.42015e-05
3.41815e-05
3.41615e-05
3.41415e-05
3.41216e-05
3.41017e-05
3.40817e-05
3.40618e-05
3.40419e-05
3.40221e-05
3.40022e-05
3.39823e-05
3.39625e-05
3.39426e-05
3.39228e-05
3.3903e-05
3.38832e-05
3.38634e-05
3.38436e-05
3.38238e-05
3.38041e-05
3.37843e-05
3.37646e-05
3.37449e-05
3.37252e-05
3.37055e-05
3.36858e-05
3.36661e-05
3.36465e-05
3.36268e-05
3.36072e-05
3.35875e-05
3.3568e-05
3.35485e-05
3.35291e-05
3.35096e-05
3.34902e-05
3.34707e-05
3.34513e-05
3.34319e-05
3.34125e-05
3.33931e-05
3.33737e-05
3.33544e-05
3.3335e-05
3.33157e-05
3.32963e-05
3.3277e-05
3.32577e-05
3.32384e-05
3.32191e-05
3.31998e-05
3.31806e-05
3.31613e-05
3.31421e-05
3.31228e-05
3.31036e-05
3.30844e-05
3.30652e-05
3.3046e-05
3.30269e-05
3.30077e-05
3.29886e-05
3.29694e-05
3.29503e-05
3.29312e-05
3.29121e-05
3.2893e-05
3.28739e-05
3.28548e-05
3.28358e-05
3.28167e-05
3.27977e-05
3.27787e-05
3.27597e-05
3.27407e-05
3.27217e-05
3.27027e-05
3.26837e-05
3.26648e-05
3.26458e-05
3.26269e-05
3.2608e-05
3.2589e-05
3.25701e-05
3.25513e-05
3.25324e-05
3.25135e-05
3.24947e-05
3.24758e-05
3.2457e-05
3.24382e-05
3.24194e-05
3.24006e-05
3.23818e-05
3.2363e-05
3.23442e-05
3.23255e-05
3.23067e-05
3.2288e-05
3.22693e-05
3.22506e-05
3.22319e-05
3.22132e-05
3.21945e-05
3.21759e-05
3.21572e-05
3.21386e-05
3.21199e-05
3.21013e-05
3.20827e-05
3.20641e-05
3.20455e-05
3.2027e-05
3.20084e-05
3.19898e-05
3.19713e-05
3.19528e-05
3.19342e-05
3.19157e-05
3.18972e-05
3.18788e-05
3.18603e-05
3.18418e-05
3.18234e-05
3.18049e-05
3.17865e-05
3.17681e-05
3.17497e-05
3.17313e-05
3.17129e-05
3.16945e-05
3.16762e-05
3.16578e-05
3.16395e-05
3.16211e-05
3.16028e-05
3.15845e-05
3.15662e-05
3.15479e-05
3.15297e-05
3.15114e-05
3.14932e-05
3.14751e-05
3.1457e-05
3.14389e-05
3.14208e-05
3.14027e-05
3.13846e-05
3.13665e-05
3.13484e-05
3.13304e-05
3.13124e-05
3.12943e-05
3.12763e-05
3.12583e-05
3.12403e-05
3.12223e-05
3.12043e-05
3.11864e-05
3.11684e-05
3.11505e-05
3.11325e-05
3.11146e-05
3.10967e-05
3.10788e-05
3.10609e-05
3.10431e-05
3.10252e-05
3.10073e-05
3.09895e-05
3.09716e-05
3.09538e-05
3.0936e-05
3.09182e-05
3.09004e-05
3.08826e-05
3.08649e-05
3.08471e-05
3.08293e-05
3.08116e-05
3.07939e-05
3.07762e-05
3.07585e-05
3.07408e-05
3.07231e-05
3.07054e-05
3.06877e-05
3.06701e-05
3.06524e-05
3.06348e-05
3.06172e-05
3.05996e-05
3.0582e-05
3.05644e-05
3.05468e-05
3.05292e-05
3.05117e-05
3.04941e-05
3.04766e-05
3.04591e-05
3.04415e-05
3.0424e-05
3.04065e-05
3.03891e-05
3.03716e-05
3.03541e-05
3.03367e-05
3.03192e-05
3.03018e-05
3.02844e-05
3.0267e-05
3.02496e-05
3.02322e-05
3.02148e-05
3.01974e-05
3.01801e-05
3.01627e-05
3.01454e-05
3.0128e-05
3.01107e-05
3.00934e-05
3.00761e-05
3.00588e-05
3.00416e-05
3.00243e-05
3.0007e-05
2.99898e-05
2.99726e-05
2.99553e-05
2.99382e-05
2.99215e-05
2.99048e-05
2.9888e-05
2.98713e-05
2.98546e-05
2.98379e-05
2.98212e-05
2.98047e-05
2.97881e-05
2.97715e-05
2.97549e-05
2.97384e-05
2.97218e-05
2.97053e-05
2.96888e-05
2.96722e-05
2.96557e-05
2.96392e-05
2.96227e-05
2.96063e-05
2.95898e-05
2.95733e-05
2.95569e-05
2.95404e-05
2.9524e-05
2.95076e-05
2.94912e-05
2.94748e-05
2.94584e-05
2.9442e-05
2.94256e-05
2.94092e-05
2.93929e-05
2.93765e-05
2.93602e-05
2.93438e-05
2.93275e-05
2.93112e-05
2.92949e-05
2.92786e-05
2.92623e-05
2.9246e-05
2.92298e-05
2.92135e-05
2.91973e-05
2.9181e-05
2.91648e-05
2.91486e-05
2.91324e-05
2.91162e-05
2.91e-05
2.90838e-05
2.90676e-05
2.90515e-05
2.90353e-05
2.90192e-05
2.9003e-05
2.89869e-05
2.89708e-05
2.89547e-05
2.89386e-05
2.89225e-05
2.89064e-05
2.88903e-05
2.88742e-05
2.88582e-05
2.88421e-05
2.88261e-05
2.88101e-05
2.87941e-05
2.87781e-05
2.87621e-05
2.87461e-05
2.87301e-05
2.87141e-05
2.86982e-05
2.86822e-05
2.86663e-05
2.86503e-05
2.86344e-05
2.86185e-05
2.86026e-05
2.85867e-05
2.85708e-05
2.85549e-05
2.8539e-05
2.85232e-05
2.85073e-05
2.84915e-05
2.84756e-05
2.84598e-05
2.8444e-05
2.84282e-05
2.84124e-05
2.83966e-05
2.83808e-05
2.8365e-05
2.83493e-05
2.83335e-05
2.83178e-05
2.8302e-05
2.82863e-05
2.82706e-05
2.82549e-05
2.82392e-05
2.82235e-05
2.82078e-05
2.81921e-05
2.81765e-05
2.81608e-05
2.81452e-05
2.81295e-05
2.81139e-05
2.80983e-05
2.80827e-05
2.80671e-05
2.80515e-05
2.80359e-05
2.80203e-05
2.80048e-05
2.79892e-05
2.79737e-05
2.79581e-05
2.79426e-05
2.79271e-05
2.79116e-05
2.78961e-05
2.78806e-05
2.78651e-05
2.78496e-05
2.78342e-05
2.78187e-05
2.78033e-05
2.7788e-05
2.77726e-05
2.77573e-05
2.77419e-05
2.77266e-05
2.77113e-05
2.7696e-05
2.76807e-05
2.76654e-05
2.76501e-05
2.76348e-05
2.76196e-05
2.76043e-05
2.75891e-05
2.75738e-05
2.75586e-05
2.75434e-05
2.75282e-05
2.75129e-05
2.74977e-05
2.74826e-05
2.74674e-05
2.74522e-05
2.7437e-05
2.74219e-05
2.74067e-05
2.73916e-05
2.73765e-05
2.73614e-05
2.73463e-05
2.73312e-05
2.73161e-05
2.7301e-05
2.72859e-05
2.72708e-05
2.72558e-05
2.72407e-05
2.72257e-05
2.72107e-05
2.71956e-05
2.71806e-05
2.71656e-05
2.71506e-05
2.71356e-05
2.71206e-05
2.71057e-05
2.70907e-05
2.70757e-05
2.70608e-05
2.70459e-05
2.70309e-05
2.7016e-05
2.70011e-05
2.69862e-05
2.69713e-05
2.69564e-05
2.69415e-05
2.69267e-05
2.69118e-05
2.6897e-05
2.68821e-05
2.68673e-05
2.68525e-05
2.68376e-05
2.68228e-05
2.6808e-05
2.67932e-05
2.67784e-05
2.67637e-05
2.67489e-05
2.67341e-05
2.67194e-05
2.67047e-05
2.66899e-05
2.66752e-05
2.66605e-05
2.66458e-05
2.66311e-05
2.66164e-05
2.66017e-05
2.6587e-05
2.65724e-05
2.65577e-05
2.65431e-05
2.65284e-05
2.65138e-05
2.64992e-05
2.64846e-05
2.64699e-05
2.64553e-05
2.64408e-05
2.64262e-05
2.64116e-05
2.6397e-05
2.63825e-05
2.63679e-05
2.63534e-05
2.63389e-05
2.63243e-05
2.63098e-05
2.62953e-05
2.62808e-05
2.62663e-05
2.62519e-05
2.62374e-05
2.62229e-05
2.62085e-05
2.6194e-05
2.61796e-05
2.61652e-05
2.61507e-05
2.61363e-05
2.61219e-05
2.61075e-05
2.60935e-05
2.60795e-05
2.60655e-05
2.60515e-05
2.60376e-05
2.60236e-05
2.60097e-05
2.59957e-05
2.59818e-05
2.59679e-05
2.5954e-05
2.594e-05
2.59261e-05
2.59122e-05
2.58984e-05
2.58845e-05
2.58706e-05
2.58567e-05
2.58429e-05
2.5829e-05
2.58152e-05
2.58014e-05
2.57875e-05
2.57737e-05
2.57599e-05
2.57461e-05
2.57323e-05
2.57185e-05
2.57047e-05
2.5691e-05
2.56772e-05
2.56634e-05
2.56497e-05
2.56359e-05
2.56222e-05
2.56085e-05
2.55948e-05
2.5581e-05
2.55673e-05
2.55536e-05
2.554e-05
2.55263e-05
2.55126e-05
2.54989e-05
2.54853e-05
2.54716e-05
2.5458e-05
2.54443e-05
2.54307e-05
2.54171e-05
2.54035e-05
2.53898e-05
2.53762e-05
2.53627e-05
2.53491e-05
2.53355e-05
2.53219e-05
2.53084e-05
2.52948e-05
2.52812e-05
2.52677e-05
2.52542e-05
2.52406e-05
2.52271e-05
2.52136e-05
2.52001e-05
2.51866e-05
2.51731e-05
2.51596e-05
2.51462e-05
2.51327e-05
2.51192e-05
2.51058e-05
2.50923e-05
2.50789e-05
2.50655e-05
2.5052e-05
2.50386e-05
2.50252e-05
2.50118e-05
2.49984e-05
2.4985e-05
2.49717e-05
2.49583e-05
2.49449e-05
2.49316e-05
2.49182e-05
2.49049e-05
2.48915e-05
2.48782e-05
2.48649e-05
2.48516e-05
2.48383e-05
2.4825e-05
2.48117e-05
2.47984e-05
2.47851e-05
2.47719e-05
2.47586e-05
2.47453e-05
2.47321e-05
2.47189e-05
2.47056e-05
2.46924e-05
2.46792e-05
2.4666e-05
2.46528e-05
2.46396e-05
2.46264e-05
2.46132e-05
2.46e-05
2.45869e-05
2.45737e-05
2.45605e-05
2.45474e-05
2.45343e-05
2.45211e-05
2.4508e-05
2.44949e-05
2.44818e-05
2.44687e-05
2.44556e-05
2.44425e-05
2.44294e-05
2.44164e-05
2.44033e-05
2.43903e-05
2.43773e-05
2.43643e-05
2.43514e-05
2.43384e-05
2.43254e-05
2.43125e-05
2.42995e-05
2.42866e-05
2.42736e-05
2.42607e-05
2.42478e-05
2.42348e-05
2.42219e-05
2.4209e-05
2.41961e-05
2.41832e-05
2.41703e-05
2.41575e-05
2.41446e-05
2.41317e-05
2.41189e-05
2.4106e-05
2.40932e-05
2.40804e-05
2.40675e-05
2.40547e-05
2.40419e-05
2.40291e-05
2.40163e-05
2.40035e-05
2.39907e-05
2.39779e-05
2.39652e-05
2.39524e-05
2.39397e-05
2.39269e-05
2.39142e-05
2.39014e-05
2.38887e-05
2.3876e-05
2.38633e-05
2.38505e-05
2.38378e-05
2.38252e-05
2.38125e-05
2.37998e-05
2.37871e-05
2.37744e-05
2.37618e-05
2.37491e-05
2.37365e-05
2.37239e-05
2.37112e-05
2.36986e-05
2.3686e-05
2.36734e-05
2.36608e-05
2.36482e-05
2.36356e-05
2.3623e-05
2.36104e-05
2.35979e-05
2.35853e-05
2.35727e-05
2.35602e-05
2.35476e-05
2.35351e-05
2.35226e-05
2.35101e-05
2.34976e-05
2.3485e-05
2.34725e-05
2.34601e-05
2.34476e-05
2.34351e-05
2.34226e-05
2.34102e-05
2.33977e-05
2.33852e-05
2.33728e-05
2.33604e-05
2.33479e-05
2.33355e-05
2.33231e-05
2.33107e-05
2.32983e-05
2.32859e-05
2.32735e-05
2.32611e-05
2.32487e-05
2.32364e-05
2.3224e-05
2.32116e-05
2.31993e-05
2.31869e-05
2.31746e-05
2.31623e-05
2.315e-05
2.31376e-05
2.31253e-05
2.3113e-05
2.31007e-05
2.30884e-05
2.30762e-05
2.30639e-05
2.30516e-05
2.30394e-05
2.30271e-05
2.30149e-05
2.30026e-05
2.29904e-05
2.29782e-05
2.29659e-05
2.29537e-05
2.29415e-05
2.29293e-05
2.29171e-05
2.29049e-05
2.28928e-05
2.28806e-05
2.28684e-05
2.28563e-05
2.28441e-05
2.2832e-05
2.28198e-05
2.28077e-05
2.27956e-05
2.27834e-05
2.27713e-05
2.27592e-05
2.27471e-05
2.2735e-05
2.27229e-05
2.27109e-05
2.26988e-05
2.26867e-05
2.26747e-05
2.26626e-05
2.26506e-05
2.26385e-05
2.26265e-05
2.26145e-05
2.26025e-05
2.25904e-05
2.25784e-05
2.25664e-05
2.25544e-05
2.25427e-05
2.2531e-05
2.25193e-05
2.25077e-05
2.2496e-05
2.24843e-05
2.24726e-05
2.2461e-05
2.24493e-05
2.24377e-05
2.2426e-05
2.24144e-05
2.24027e-05
2.23911e-05
2.23795e-05
2.23679e-05
2.23563e-05
2.23447e-05
2.23331e-05
2.23215e-05
2.23099e-05
2.22983e-05
2.22868e-05
2.22752e-05
2.22636e-05
2.22521e-05
2.22405e-05
2.2229e-05
2.22175e-05
2.22059e-05
2.21944e-05
2.21829e-05
2.21714e-05
2.21599e-05
2.21484e-05
2.21369e-05
2.21254e-05
2.21139e-05
2.21025e-05
2.2091e-05
2.20795e-05
2.20681e-05
2.20566e-05
2.20452e-05
2.20338e-05
2.20223e-05
2.20109e-05
2.19995e-05
2.19881e-05
2.19767e-05
2.19653e-05
2.19539e-05
2.19425e-05
2.19311e-05
2.19197e-05
2.19083e-05
2.1897e-05
2.18856e-05
2.18743e-05
2.18629e-05
2.18516e-05
2.18402e-05
2.18289e-05
2.18176e-05
2.18063e-05
2.1795e-05
2.17837e-05
2.17724e-05
2.17611e-05
2.17498e-05
2.17385e-05
2.17272e-05
2.17159e-05
2.17047e-05
2.16934e-05
2.16822e-05
2.16709e-05
2.16597e-05
2.16485e-05
2.16372e-05
2.1626e-05
2.16148e-05
2.16036e-05
2.15924e-05
2.15812e-05
2.157e-05
2.15588e-05
2.15476e-05
2.15364e-05
2.15253e-05
2.15141e-05
2.1503e-05
2.14918e-05
2.14807e-05
2.14695e-05
2.14584e-05
2.14473e-05
2.14361e-05
2.1425e-05
2.14139e-05
2.14028e-05
2.13917e-05
2.13806e-05
2.13695e-05
2.13585e-05
2.13474e-05
2.13363e-05
2.13253e-05
2.13142e-05
2.13031e-05
2.12921e-05
2.12811e-05
2.127e-05
2.1259e-05
2.1248e-05
2.1237e-05
2.1226e-05
2.12149e-05
2.1204e-05
2.1193e-05
2.1182e-05
2.1171e-05
2.116e-05
2.11491e-05
2.11382e-05
2.11273e-05
2.11163e-05
2.11054e-05
2.10945e-05
2.10836e-05
2.10727e-05
2.10619e-05
2.1051e-05
2.10401e-05
2.10292e-05
2.10184e-05
2.10075e-05
2.09967e-05
2.09858e-05
2.0975e-05
2.09641e-05
2.09533e-05
2.09425e-05
2.09317e-05
2.09209e-05
2.09101e-05
2.08993e-05
2.08885e-05
2.08777e-05
2.08669e-05
2.08561e-05
2.08453e-05
2.08346e-05
2.08238e-05
2.08131e-05
2.08023e-05
2.07916e-05
2.07808e-05
2.07701e-05
2.07594e-05
2.07486e-05
2.07379e-05
2.07272e-05
2.07165e-05
2.07058e-05
2.06951e-05
2.06844e-05
2.06738e-05
2.06631e-05
2.06524e-05
2.06418e-05
2.06311e-05
2.06204e-05
2.06098e-05
2.05992e-05
2.05885e-05
2.05779e-05
2.05673e-05
2.05566e-05
2.0546e-05
2.05354e-05
2.05248e-05
2.05142e-05
2.05036e-05
2.0493e-05
2.04825e-05
2.04719e-05
2.04613e-05
2.04508e-05
2.04402e-05
2.04296e-05
2.04191e-05
2.04086e-05
2.0398e-05
2.03875e-05
2.0377e-05
2.03665e-05
2.03559e-05
2.03454e-05
2.03349e-05
2.03244e-05
2.03139e-05
2.03035e-05
2.0293e-05
2.02825e-05
2.0272e-05
2.02616e-05
2.02511e-05
2.02407e-05
2.02302e-05
2.02198e-05
2.02093e-05
2.01989e-05
2.01885e-05
2.01781e-05
2.01676e-05
2.01572e-05
2.01468e-05
2.01364e-05
2.01261e-05
2.01157e-05
2.01053e-05
2.00949e-05
2.00845e-05
2.00742e-05
2.00638e-05
2.00535e-05
2.00431e-05
2.00328e-05
2.00224e-05
2.00121e-05
2.00018e-05
1.99915e-05
1.99811e-05
1.99708e-05
1.99605e-05
1.99502e-05
1.99399e-05
1.99297e-05
1.99194e-05
1.99091e-05
1.98988e-05
1.98886e-05
1.98783e-05
1.9868e-05
1.98578e-05
1.98476e-05
1.98373e-05
1.98271e-05
1.98169e-05
1.98066e-05
1.97964e-05
1.97862e-05
1.9776e-05
1.97658e-05
1.97556e-05
1.97454e-05
1.97352e-05
1.9725e-05
1.97149e-05
1.97047e-05
1.96945e-05
1.96844e-05
1.96742e-05
1.96641e-05
1.96539e-05
1.96438e-05
1.96337e-05
1.96236e-05
1.96134e-05
1.96033e-05
1.95932e-05
1.95831e-05
1.9573e-05
1.95629e-05
1.95528e-05
1.95427e-05
1.95327e-05
1.95226e-05
1.95125e-05
1.95025e-05
1.94924e-05
1.94824e-05
1.94723e-05
1.94623e-05
1.94523e-05
1.94422e-05
1.94322e-05
1.94222e-05
1.94122e-05
1.94022e-05
1.93922e-05
1.93822e-05
1.93722e-05
1.93622e-05
1.93522e-05
1.93422e-05
1.93323e-05
1.93223e-05
1.93123e-05
1.93024e-05
1.92924e-05
1.92825e-05
1.92725e-05
1.92626e-05
1.92527e-05
1.92428e-05
1.92328e-05
1.92229e-05
1.9213e-05
1.92031e-05
1.91932e-05
1.91833e-05
1.91735e-05
1.91636e-05
1.9154e-05
1.91443e-05
1.91346e-05
1.91249e-05
1.91153e-05
1.91056e-05
1.9096e-05
1.90863e-05
1.90767e-05
1.9067e-05
1.90574e-05
1.90478e-05
1.90381e-05
1.90285e-05
1.90189e-05
1.90093e-05
1.89997e-05
1.89901e-05
1.89805e-05
1.89709e-05
1.89613e-05
1.89517e-05
1.89422e-05
1.89326e-05
1.8923e-05
1.89135e-05
1.89039e-05
1.88943e-05
1.88848e-05
1.88753e-05
1.88657e-05
1.88562e-05
1.88467e-05
1.88371e-05
1.88276e-05
1.88181e-05
1.88086e-05
1.87991e-05
1.87896e-05
1.87801e-05
1.87706e-05
1.87611e-05
1.87517e-05
1.87422e-05
1.87327e-05
1.87232e-05
1.87138e-05
1.87043e-05
1.86949e-05
1.86854e-05
1.8676e-05
1.86666e-05
1.86571e-05
1.86477e-05
1.86383e-05
1.86289e-05
1.86195e-05
1.861e-05
1.86006e-05
1.85913e-05
1.85819e-05
1.85725e-05
1.85631e-05
1.85537e-05
1.85443e-05
1.8535e-05
1.85256e-05
1.85162e-05
1.85069e-05
1.84975e-05
1.84882e-05
1.84789e-05
1.84695e-05
1.84602e-05
1.84509e-05
1.84415e-05
1.84322e-05
1.84229e-05
1.84136e-05
1.84043e-05
1.8395e-05
1.83857e-05
1.83764e-05
1.83672e-05
1.83579e-05
1.83486e-05
1.83393e-05
1.83301e-05
1.83208e-05
1.83116e-05
1.83023e-05
1.82931e-05
1.82838e-05
1.82746e-05
1.82654e-05
1.82561e-05
1.82469e-05
1.82377e-05
1.82285e-05
1.82193e-05
1.82101e-05
1.82009e-05
1.81917e-05
1.81825e-05
1.81733e-05
1.81641e-05
1.8155e-05
1.81458e-05
1.81366e-05
1.81275e-05
1.81183e-05
1.81092e-05
1.81e-05
1.80909e-05
1.80817e-05
1.80726e-05
1.80635e-05
1.80544e-05
1.80452e-05
1.80361e-05
1.8027e-05
1.80179e-05
1.80088e-05
1.79997e-05
1.79906e-05
1.79815e-05
1.79725e-05
1.79634e-05
1.79543e-05
1.79453e-05
1.79362e-05
1.79271e-05
1.79181e-05
1.79091e-05
1.79001e-05
1.78911e-05
1.7882e-05
1.7873e-05
1.7864e-05
1.7855e-05
1.7846e-05
1.78371e-05
1.78281e-05
1.78191e-05
1.78101e-05
1.78012e-05
1.77922e-05
1.77832e-05
1.77743e-05
1.77653e-05
1.77564e-05
1.77474e-05
1.77385e-05
1.77296e-05
1.77206e-05
1.77117e-05
1.77028e-05
1.76939e-05
1.7685e-05
1.76761e-05
1.76672e-05
1.76583e-05
1.76494e-05
1.76405e-05
1.76316e-05
1.76227e-05
1.76139e-05
1.7605e-05
1.75961e-05
1.75873e-05
1.75784e-05
1.75695e-05
1.75607e-05
1.75519e-05
1.7543e-05
1.75342e-05
1.75254e-05
1.75165e-05
1.75077e-05
1.74989e-05
1.74901e-05
1.74813e-05
1.74725e-05
1.74637e-05
1.74549e-05
1.74461e-05
1.74373e-05
1.74285e-05
1.74198e-05
1.7411e-05
1.74022e-05
1.73935e-05
1.73847e-05
1.7376e-05
1.73672e-05
1.73585e-05
1.73497e-05
1.7341e-05
1.73323e-05
1.73235e-05
1.73148e-05
1.73061e-05
1.72974e-05
1.72887e-05
1.728e-05
1.72713e-05
1.72626e-05
1.72539e-05
1.72452e-05
1.72365e-05
1.72279e-05
1.72192e-05
1.72105e-05
1.72018e-05
1.71932e-05
1.71845e-05
1.71759e-05
1.71672e-05
1.71586e-05
1.715e-05
1.71413e-05
1.71327e-05
1.71241e-05
1.71155e-05
1.71068e-05
1.70982e-05
1.70896e-05
1.7081e-05
1.70724e-05
1.70638e-05
1.70552e-05
1.70467e-05
1.70381e-05
1.70295e-05
1.70209e-05
1.70124e-05
1.70038e-05
1.69952e-05
1.69867e-05
1.69781e-05
1.69696e-05
1.69611e-05
1.69525e-05
1.6944e-05
1.69355e-05
1.69269e-05
1.69184e-05
1.69099e-05
1.69014e-05
1.68929e-05
1.68844e-05
1.68759e-05
1.68674e-05
1.68589e-05
1.68504e-05
1.6842e-05
1.68335e-05
1.6825e-05
1.68165e-05
1.68081e-05
1.67996e-05
1.67912e-05
1.67827e-05
1.67743e-05
1.67658e-05
1.67574e-05
1.6749e-05
1.67405e-05
1.67321e-05
1.67237e-05
1.67153e-05
1.67069e-05
1.66985e-05
1.66901e-05
1.66817e-05
1.66733e-05
1.66649e-05
1.66565e-05
1.66481e-05
1.66397e-05
1.66314e-05
1.6623e-05
1.66146e-05
1.66063e-05
1.65979e-05
1.65896e-05
1.65812e-05
1.65729e-05
1.65646e-05
1.65562e-05
1.65479e-05
1.65396e-05
1.65313e-05
1.65229e-05
1.65146e-05
1.65063e-05
1.6498e-05
1.64897e-05
1.64814e-05
1.64731e-05
1.64648e-05
1.64566e-05
1.64483e-05
1.644e-05
1.64317e-05
1.64235e-05
1.64152e-05
1.6407e-05
1.63987e-05
1.63905e-05
1.63822e-05
1.6374e-05
1.63657e-05
1.63575e-05
1.63493e-05
1.63411e-05
1.63328e-05
1.63246e-05
1.63164e-05
1.63082e-05
1.63e-05
1.62918e-05
1.62836e-05
1.62754e-05
1.62672e-05
1.62591e-05
1.62509e-05
1.62427e-05
1.62346e-05
1.62264e-05
1.62182e-05
1.62101e-05
1.62019e-05
1.61938e-05
1.61856e-05
1.61775e-05
1.61694e-05
1.61612e-05
1.61531e-05
1.6145e-05
1.61369e-05
1.61287e-05
1.61206e-05
1.61125e-05
1.61044e-05
1.60963e-05
1.60882e-05
1.60802e-05
1.60721e-05
1.6064e-05
1.60559e-05
1.60478e-05
1.60398e-05
1.60317e-05
1.60236e-05
1.60156e-05
1.60075e-05
1.59995e-05
1.59915e-05
1.59834e-05
1.59754e-05
1.59673e-05
1.59593e-05
1.59513e-05
1.59433e-05
1.59353e-05
1.59273e-05
1.59192e-05
1.59112e-05
1.59033e-05
1.58953e-05
1.58873e-05
1.58793e-05
1.58713e-05
1.58633e-05
1.58553e-05
1.58474e-05
1.58395e-05
1.58316e-05
1.58238e-05
1.5816e-05
1.58081e-05
1.58003e-05
1.57925e-05
1.57847e-05
1.57769e-05
1.57691e-05
1.57612e-05
1.57534e-05
1.57456e-05
1.57379e-05
1.57301e-05
1.57223e-05
1.57145e-05
1.57067e-05
1.5699e-05
1.56912e-05
1.56834e-05
1.56757e-05
1.56679e-05
1.56601e-05
1.56524e-05
1.56446e-05
1.56369e-05
1.56292e-05
1.56214e-05
1.56137e-05
1.5606e-05
1.55983e-05
1.55905e-05
1.55828e-05
1.55751e-05
1.55674e-05
1.55597e-05
1.5552e-05
1.55443e-05
1.55366e-05
1.55289e-05
1.55212e-05
1.55135e-05
1.55059e-05
1.54982e-05
1.54905e-05
1.54829e-05
1.54752e-05
1.54675e-05
1.54599e-05
1.54522e-05
1.54446e-05
1.54369e-05
1.54293e-05
1.54217e-05
1.5414e-05
1.54064e-05
1.53988e-05
1.53912e-05
1.53835e-05
1.53759e-05
1.53683e-05
1.53607e-05
1.53531e-05
1.53455e-05
1.53379e-05
1.53303e-05
1.53228e-05
1.53152e-05
1.53076e-05
1.53e-05
1.52924e-05
1.52849e-05
1.52773e-05
1.52698e-05
1.52622e-05
1.52546e-05
1.52471e-05
1.52395e-05
1.5232e-05
1.52245e-05
1.52169e-05
1.52094e-05
1.52019e-05
1.51944e-05
1.51868e-05
1.51793e-05
1.51718e-05
1.51643e-05
1.51568e-05
1.51493e-05
1.51418e-05
1.51343e-05
1.51268e-05
1.51193e-05
1.51119e-05
1.51044e-05
1.50969e-05
1.50894e-05
1.5082e-05
1.50745e-05
1.5067e-05
1.50596e-05
1.50521e-05
1.50447e-05
1.50372e-05
1.50298e-05
1.50224e-05
1.50149e-05
1.50075e-05
1.50001e-05
1.49927e-05
1.49852e-05
1.49778e-05
1.49704e-05
1.4963e-05
1.49556e-05
1.49482e-05
1.49408e-05
1.49334e-05
1.4926e-05
1.49186e-05
1.49113e-05
1.49039e-05
1.48965e-05
1.48891e-05
1.48818e-05
1.48744e-05
1.4867e-05
1.48597e-05
1.48523e-05
1.4845e-05
1.48376e-05
1.48303e-05
1.4823e-05
1.48156e-05
1.48083e-05
1.4801e-05
1.47937e-05
1.47863e-05
1.4779e-05
1.47717e-05
1.47644e-05
1.47571e-05
1.47498e-05
1.47425e-05
1.47352e-05
1.47279e-05
1.47206e-05
1.47133e-05
1.47061e-05
1.46988e-05
1.46915e-05
1.46842e-05
1.4677e-05
1.46697e-05
1.46625e-05
1.46552e-05
1.4648e-05
1.46407e-05
1.46335e-05
1.46262e-05
1.4619e-05
1.46118e-05
1.46045e-05
1.45973e-05
1.45901e-05
1.45829e-05
1.45757e-05
1.45684e-05
1.45612e-05
1.4554e-05
1.45468e-05
1.45396e-05
1.45324e-05
1.45253e-05
1.45181e-05
1.45109e-05
1.45037e-05
1.44965e-05
1.44894e-05
1.44822e-05
1.4475e-05
1.44679e-05
1.44608e-05
1.44536e-05
1.44465e-05
1.44393e-05
1.44322e-05
1.44251e-05
1.4418e-05
1.44108e-05
1.44037e-05
1.43966e-05
1.43895e-05
1.43824e-05
1.43753e-05
1.43682e-05
1.43611e-05
1.4354e-05
1.43469e-05
1.43398e-05
1.43328e-05
1.43257e-05
1.43186e-05
1.43115e-05
1.43045e-05
1.42974e-05
1.42903e-05
1.42833e-05
1.42762e-05
1.42692e-05
1.42621e-05
1.42551e-05
1.42481e-05
1.4241e-05
1.4234e-05
1.4227e-05
1.42199e-05
1.42129e-05
1.42059e-05
1.41989e-05
1.41919e-05
1.41849e-05
1.41779e-05
1.41709e-05
1.41639e-05
1.41569e-05
1.41499e-05
1.41429e-05
1.41359e-05
1.41289e-05
1.4122e-05
1.4115e-05
1.4108e-05
1.41011e-05
1.40941e-05
1.40871e-05
1.40802e-05
1.40732e-05
1.40663e-05
1.40593e-05
1.40524e-05
1.40455e-05
1.40385e-05
1.40316e-05
1.40247e-05
1.40177e-05
1.40108e-05
1.40039e-05
1.3997e-05
1.39901e-05
1.39832e-05
1.39763e-05
1.39694e-05
1.39625e-05
1.39556e-05
1.39487e-05
1.39418e-05
1.39349e-05
1.3928e-05
1.39212e-05
1.39143e-05
1.39074e-05
1.39006e-05
1.38937e-05
1.38868e-05
1.388e-05
1.38731e-05
1.38663e-05
1.38594e-05
1.38526e-05
1.38458e-05
1.38389e-05
1.38321e-05
1.38253e-05
1.38184e-05
1.38116e-05
1.38048e-05
1.3798e-05
1.37912e-05
1.37844e-05
1.37776e-05
1.37708e-05
1.3764e-05
1.37572e-05
1.37504e-05
1.37436e-05
1.37368e-05
1.373e-05
1.37233e-05
1.37165e-05
1.37097e-05
1.37029e-05
1.36962e-05
1.36894e-05
1.36827e-05
1.36759e-05
1.36692e-05
1.36624e-05
1.36557e-05
1.36489e-05
1.36422e-05
1.36355e-05
1.36287e-05
1.3622e-05
1.36153e-05
1.36086e-05
1.36018e-05
1.35951e-05
1.35884e-05
1.35817e-05
1.3575e-05
1.35683e-05
1.35616e-05
1.35549e-05
1.35482e-05
1.35415e-05
1.35349e-05
1.35282e-05
1.35215e-05
1.35148e-05
1.35082e-05
1.35015e-05
1.34948e-05
1.34882e-05
1.34815e-05
1.34749e-05
1.34682e-05
1.34616e-05
1.34549e-05
1.34483e-05
1.34416e-05
1.3435e-05
1.34284e-05
1.34217e-05
1.34151e-05
1.34085e-05
1.34019e-05
1.33953e-05
1.33887e-05
1.33821e-05
1.33754e-05
1.33688e-05
1.33622e-05
1.33557e-05
1.33491e-05
1.33425e-05
1.33359e-05
1.33293e-05
1.33227e-05
1.33162e-05
1.33096e-05
1.3303e-05
1.32965e-05
1.32899e-05
1.32833e-05
1.32768e-05
1.32702e-05
1.32637e-05
1.32571e-05
1.32506e-05
1.32441e-05
1.32375e-05
1.3231e-05
1.32245e-05
1.32179e-05
1.32114e-05
1.32049e-05
1.31984e-05
1.31919e-05
1.31854e-05
1.31789e-05
1.31723e-05
1.31658e-05
1.31594e-05
1.31529e-05
1.31464e-05
1.31399e-05
1.31334e-05
1.31269e-05
1.31204e-05
1.3114e-05
1.31075e-05
1.3101e-05
1.30946e-05
1.30881e-05
1.30817e-05
1.30752e-05
1.30687e-05
1.30623e-05
1.30559e-05
1.30494e-05
1.3043e-05
1.30365e-05
1.30301e-05
1.30237e-05
1.30173e-05
1.30108e-05
1.30044e-05
1.2998e-05
1.29916e-05
1.29852e-05
1.29788e-05
1.29724e-05
1.2966e-05
1.29596e-05
1.29532e-05
1.29468e-05
1.29404e-05
1.2934e-05
1.29276e-05
1.29213e-05
1.29149e-05
1.29085e-05
1.29021e-05
1.28958e-05
1.28894e-05
1.28831e-05
1.28767e-05
1.28704e-05
1.2864e-05
1.28577e-05
1.28513e-05
1.2845e-05
1.28386e-05
1.28323e-05
1.2826e-05
1.28197e-05
1.28133e-05
1.2807e-05
1.28007e-05
1.27944e-05
1.27881e-05
1.27818e-05
1.27755e-05
1.27692e-05
1.27629e-05
1.27566e-05
1.27503e-05
1.2744e-05
1.27377e-05
1.27314e-05
1.27251e-05
1.27189e-05
1.27126e-05
1.27063e-05
1.27e-05
1.26938e-05
1.26875e-05
1.26813e-05
1.2675e-05
1.26688e-05
1.26625e-05
1.26563e-05
1.265e-05
1.26438e-05
1.26376e-05
1.26313e-05
1.26251e-05
1.26189e-05
1.26126e-05
1.26064e-05
1.26002e-05
1.2594e-05
1.25878e-05
1.25816e-05
1.25754e-05
1.25692e-05
1.2563e-05
1.25568e-05
1.25506e-05
1.25444e-05
1.25382e-05
1.2532e-05
1.25258e-05
1.25197e-05
1.25135e-05
1.25073e-05
1.25012e-05
1.2495e-05
1.24888e-05
1.24827e-05
1.24765e-05
1.24704e-05
1.24643e-05
1.24582e-05
1.24522e-05
1.24461e-05
1.244e-05
1.24339e-05
1.24279e-05
1.24218e-05
1.24158e-05
1.24097e-05
1.24037e-05
1.23976e-05
1.23916e-05
1.23855e-05
1.23795e-05
1.23735e-05
1.23674e-05
1.23614e-05
1.23554e-05
1.23493e-05
1.23433e-05
1.23373e-05
1.23313e-05
1.23253e-05
1.23193e-05
1.23133e-05
1.23073e-05
1.23013e-05
1.22953e-05
1.22893e-05
1.22833e-05
1.22773e-05
1.22713e-05
1.22653e-05
1.22593e-05
1.22534e-05
1.22474e-05
1.22414e-05
1.22355e-05
1.22295e-05
1.22235e-05
1.22176e-05
1.22116e-05
1.22057e-05
1.21997e-05
1.21938e-05
1.21878e-05
1.21819e-05
1.21759e-05
1.217e-05
1.21641e-05
1.21581e-05
1.21522e-05
1.21463e-05
1.21404e-05
1.21344e-05
1.21285e-05
1.21226e-05
1.21167e-05
1.21108e-05
1.21049e-05
1.2099e-05
1.20931e-05
1.20872e-05
1.20813e-05
1.20754e-05
1.20695e-05
1.20636e-05
1.20578e-05
1.20519e-05
1.2046e-05
1.20401e-05
1.20343e-05
1.20284e-05
1.20225e-05
1.20167e-05
1.20108e-05
1.20049e-05
1.19991e-05
1.19932e-05
1.19874e-05
1.19816e-05
1.19757e-05
1.19699e-05
1.1964e-05
1.19582e-05
1.19524e-05
1.19465e-05
1.19407e-05
1.19349e-05
1.19291e-05
1.19233e-05
1.19175e-05
1.19116e-05
1.19058e-05
1.19e-05
1.18942e-05
1.18884e-05
1.18826e-05
1.18768e-05
1.1871e-05
1.18653e-05
1.18595e-05
1.18537e-05
1.18479e-05
1.18421e-05
1.18364e-05
1.18306e-05
1.18248e-05
1.18191e-05
1.18133e-05
1.18075e-05
1.18018e-05
1.1796e-05
1.17903e-05
1.17845e-05
1.17788e-05
1.1773e-05
1.17673e-05
1.17616e-05
1.17558e-05
1.17501e-05
1.17444e-05
1.17386e-05
1.17329e-05
1.17272e-05
1.17215e-05
1.17158e-05
1.17101e-05
1.17043e-05
1.16986e-05
1.16929e-05
1.16872e-05
1.16815e-05
1.16758e-05
1.16702e-05
1.16645e-05
1.16588e-05
1.16531e-05
1.16474e-05
1.16417e-05
1.16361e-05
1.16304e-05
1.16247e-05
1.1619e-05
1.16134e-05
1.16077e-05
1.16021e-05
1.15964e-05
1.15908e-05
1.15851e-05
1.15795e-05
1.15738e-05
1.15682e-05
1.15625e-05
1.15569e-05
1.15513e-05
1.15456e-05
1.154e-05
1.15344e-05
1.15287e-05
1.15231e-05
1.15175e-05
1.15119e-05
1.15063e-05
1.15007e-05
1.14951e-05
1.14895e-05
1.14839e-05
1.14783e-05
1.14727e-05
1.14671e-05
1.14615e-05
1.14559e-05
1.14503e-05
1.14447e-05
1.14391e-05
1.14336e-05
1.1428e-05
1.14224e-05
1.14169e-05
1.14113e-05
1.14057e-05
1.14002e-05
1.13946e-05
1.1389e-05
1.13835e-05
1.13779e-05
1.13724e-05
1.13669e-05
1.13613e-05
1.13558e-05
1.13502e-05
1.13447e-05
1.13392e-05
1.13336e-05
1.13281e-05
1.13226e-05
1.13171e-05
1.13116e-05
1.1306e-05
1.13005e-05
1.1295e-05
1.12895e-05
1.1284e-05
1.12785e-05
1.1273e-05
1.12675e-05
1.1262e-05
1.12565e-05
1.12511e-05
1.12456e-05
1.12401e-05
1.12346e-05
1.12291e-05
1.12237e-05
1.12182e-05
1.12127e-05
1.12072e-05
1.12018e-05
1.11963e-05
1.11909e-05
1.11854e-05
1.118e-05
1.11745e-05
1.11691e-05
1.11636e-05
1.11582e-05
1.11527e-05
1.11473e-05
1.11419e-05
1.11364e-05
1.1131e-05
1.11256e-05
1.11202e-05
1.11147e-05
1.11093e-05
1.11039e-05
1.10985e-05
1.10931e-05
1.10877e-05
1.10823e-05
1.10769e-05
1.10715e-05
1.10661e-05
1.10607e-05
1.10553e-05
1.10499e-05
1.10445e-05
1.10391e-05
1.10337e-05
1.10284e-05
1.1023e-05
1.10176e-05
1.10122e-05
1.10069e-05
1.10015e-05
1.09961e-05
1.09908e-05
1.09854e-05
1.09801e-05
1.09747e-05
1.09694e-05
1.0964e-05
1.09587e-05
1.09533e-05
1.0948e-05
1.09427e-05
1.09373e-05
1.0932e-05
1.09267e-05
1.09213e-05
1.0916e-05
1.09107e-05
1.09054e-05
1.09001e-05
1.08947e-05
1.08894e-05
1.08841e-05
1.08788e-05
1.08735e-05
1.08682e-05
1.08629e-05
1.08576e-05
1.08523e-05
1.0847e-05
1.08418e-05
1.08365e-05
1.08312e-05
1.08259e-05
1.08206e-05
1.08154e-05
1.08101e-05
1.08048e-05
1.07996e-05
1.07943e-05
1.0789e-05
1.07838e-05
1.07785e-05
1.07733e-05
1.0768e-05
1.07628e-05
1.07575e-05
1.07523e-05
1.0747e-05
1.07418e-05
1.07366e-05
1.07313e-05
1.07261e-05
1.07209e-05
1.07156e-05
1.07104e-05
1.07052e-05
1.07e-05
1.06948e-05
1.06896e-05
1.06843e-05
1.06791e-05
1.06739e-05
1.06687e-05
1.06635e-05
1.06583e-05
1.06531e-05
1.06479e-05
1.06428e-05
1.06376e-05
1.06324e-05
1.06272e-05
1.0622e-05
1.06168e-05
1.06117e-05
1.06065e-05
1.06013e-05
1.05962e-05
1.0591e-05
1.05858e-05
1.05807e-05
1.05755e-05
1.05704e-05
1.05652e-05
1.05601e-05
1.05549e-05
1.05498e-05
1.05446e-05
1.05395e-05
1.05344e-05
1.05292e-05
1.05241e-05
1.0519e-05
1.05138e-05
1.05087e-05
1.05036e-05
1.04985e-05
1.04934e-05
1.04882e-05
1.04831e-05
1.0478e-05
1.04729e-05
1.04678e-05
1.04627e-05
1.04576e-05
1.04525e-05
1.04474e-05
1.04423e-05
1.04372e-05
1.04322e-05
1.04271e-05
1.0422e-05
1.04169e-05
1.04118e-05
1.04068e-05
1.04017e-05
1.03966e-05
1.03915e-05
1.03865e-05
1.03814e-05
1.03764e-05
1.03713e-05
1.03663e-05
1.03612e-05
1.03562e-05
1.03511e-05
1.03461e-05
1.0341e-05
1.0336e-05
1.03309e-05
1.03259e-05
1.03209e-05
1.03158e-05
1.03108e-05
1.03058e-05
1.03008e-05
1.02958e-05
1.02907e-05
1.02857e-05
1.02807e-05
1.02757e-05
1.02707e-05
1.02657e-05
1.02607e-05
1.02557e-05
1.02507e-05
1.02457e-05
1.02407e-05
1.02357e-05
1.02308e-05
1.02258e-05
1.02208e-05
1.02158e-05
1.02109e-05
1.02059e-05
1.02009e-05
1.01959e-05
1.0191e-05
1.0186e-05
1.01811e-05
1.01761e-05
1.01712e-05
1.01662e-05
1.01612e-05
1.01563e-05
1.01514e-05
1.01464e-05
1.01415e-05
1.01365e-05
1.01316e-05
1.01267e-05
1.01217e-05
1.01168e-05
1.01119e-05
1.0107e-05
1.0102e-05
1.00971e-05
1.00922e-05
1.00873e-05
1.00824e-05
1.00775e-05
1.00726e-05
1.00677e-05
1.00628e-05
1.00579e-05
1.0053e-05
1.00481e-05
1.00432e-05
1.00383e-05
1.00334e-05
1.00285e-05
1.00236e-05
1.00188e-05
1.00139e-05
1.0009e-05
1.00041e-05
9.99927e-06
