0.247412
0.161478
0.103652
0.0690897
0.0570183
0.0480196
0.0402959
0.0373752
0.0334135
0.0295836
0.0282749
0.0263839
0.0242389
0.0225958
0.0216528
0.0204674
0.0193059
0.0184167
0.0175288
0.0167622
0.0159181
0.0154654
0.0148994
0.0142522
0.0136208
0.0131707
0.0128737
0.0125053
0.0120816
0.0116166
0.0112298
0.0109879
0.010746
0.0104637
0.010149
0.00983881
0.00960059
0.0093814
0.00919296
0.00897869
0.00874305
0.00851085
0.00835311
0.00817399
0.00801178
0.00784888
0.00767073
0.00747982
0.00735648
0.00723612
0.00710113
0.0069572
0.00682146
0.00667585
0.00653534
0.00645575
0.00636423
0.00626211
0.00615062
0.00603097
0.00590427
0.0058114
0.00573199
0.00566252
0.00558504
0.00550036
0.00540928
0.00531255
0.00522143
0.00515299
0.00508357
0.00502472
0.00496019
0.00489053
0.00481625
0.00473785
0.0046662
0.00461426
0.00455766
0.00450236
0.00444894
0.0043917
0.004331
0.00426718
0.00420319
0.0041637
0.00412052
0.00407396
0.00402429
0.00397585
0.00392605
0.00387382
0.00382235
0.00378027
0.00374726
0.0037115
0.00367318
0.00363251
0.00358966
0.00354483
0.00350052
0.00346792
0.00343317
0.00339667
0.00336703
0.00333541
0.00330195
0.00326678
0.00323004
0.00319186
0.00316292
0.00313593
0.0031073
0.00307713
0.00304658
0.0030189
0.00298986
0.00295954
0.00292805
0.00289742
0.00287633
0.00285388
0.00283015
0.00280522
0.00277916
0.00275205
0.00272418
0.00270286
0.00268078
0.00265766
0.00263357
0.00261118
0.00259138
0.0025706
0.00254893
0.0025264
0.00250308
0.00248291
0.00246531
0.00244685
0.00242757
0.00240751
0.00238673
0.00236667
0.00234915
0.0023309
0.00231196
0.00229236
0.00227463
0.00225974
0.00224417
0.00222793
0.00221108
0.00219364
0.0021761
0.0021619
0.00214709
0.0021317
0.00211575
0.00209929
0.00208386
0.00206907
0.00205376
0.00203879
0.002024
0.00200876
0.00199614
0.00198397
0.00197132
0.0019582
0.00194465
0.00193067
0.00191832
0.00190612
0.00189349
0.00188046
0.00186705
0.00185401
0.00184135
0.00182832
0.00181713
0.00180584
0.0017942
0.00178221
0.00177185
0.00176164
0.00175108
0.00174019
0.00172898
0.00171799
0.0017077
0.0016971
0.0016862
0.00167501
0.00166355
0.00165195
0.00164164
0.00163299
0.00162405
0.00161483
0.00160534
0.0015956
0.00158688
0.00157814
0.00156914
0.0015599
0.00155042
0.00154096
0.00153189
0.00152259
0.00151308
0.00150336
0.00149431
0.00148597
0.00147774
0.00147044
0.00146291
0.00145518
0.00144724
0.00143911
0.00143127
0.00142367
0.00141587
0.00140789
0.00139973
0.00139141
0.00138292
0.00137428
0.00136658
0.00136002
0.00135329
0.00134639
0.00133934
0.00133258
0.00132611
0.00131948
0.00131269
0.00130576
0.00129869
0.00129148
0.00128462
0.00127764
0.00127053
0.00126329
0.00125593
0.00124962
0.00124369
0.00123811
0.00123239
0.00122655
0.00122058
0.00121449
0.00120829
0.00120248
0.00119658
0.00119057
0.00118446
0.00117824
0.00117191
0.0011655
0.00115898
0.00115361
0.00114851
0.00114331
0.00113801
0.00113261
0.00112747
0.00112243
0.00111729
0.00111205
0.00110672
0.00110131
0.00109582
0.00109024
0.00108459
0.00107913
0.00107362
0.00106847
0.00106372
0.00105908
0.0010547
0.00105024
0.00104571
0.00104109
0.0010364
0.00103164
0.00102682
0.00102197
0.00101733
0.00101263
0.00100786
0.00100302
0.000998127
0.000993175
0.000988956
0.000984977
0.000980932
0.000976823
0.000972654
0.000968426
0.00096414
0.000960123
0.000956058
0.000951936
0.000947759
0.000943529
0.000939249
0.000934919
0.000930543
0.000926121
0.000922144
0.000918453
0.000914711
0.000910921
0.00090733
0.000903777
0.000900176
0.000896527
0.000892832
0.000889093
0.000885311
0.000881487
0.000877624
0.000873723
0.000869785
0.000865922
0.000862107
0.000858681
0.000855541
0.000852359
0.000849137
0.000845875
0.000842575
0.000839238
0.000835865
0.000832457
0.000829017
0.000825544
0.000822248
0.000818918
0.000815556
0.000812163
0.00080874
0.000805334
0.000802426
0.000799485
0.000796512
0.000793508
0.000790475
0.000787412
0.000784364
0.000781458
0.000778522
0.000775559
0.000772568
0.000769551
0.000766508
0.000763441
0.000760351
0.000757238
0.000754201
0.000751478
0.000748729
0.000746045
0.000743458
0.000740846
0.000738209
0.000735549
0.000732865
0.000730159
0.000727432
0.000724684
0.000721916
0.000719129
0.000716323
0.000713499
0.000710658
0.000708093
0.000705748
0.000703382
0.000700995
0.000698588
0.000696162
0.000693717
0.000691254
0.000688773
0.000686275
0.000683761
0.000681231
0.00067871
0.000676285
0.000673844
0.000671387
0.000668916
0.000666581
0.000664389
0.00066218
0.000659956
0.000657716
0.000655462
0.000653193
0.000650919
0.00064876
0.000646586
0.000644398
0.000642196
0.000639981
0.000637753
0.000635513
0.00063326
0.000630997
0.000628722
0.000626576
0.000624515
0.000622574
0.000620624
0.00061866
0.000616685
0.000614697
0.000612698
0.000610687
0.000608665
0.000606633
0.000604591
0.000602539
0.000600477
0.000598406
0.000596327
0.000594239
0.000592422
0.000590626
0.00058882
0.000587004
0.000585177
0.000583341
0.000581496
0.000579641
0.000577778
0.000575907
0.000574027
0.00057214
0.000570245
0.000568343
0.000566518
0.000564691
0.000562856
0.000561143
0.000559466
0.000557781
0.000556087
0.000554386
0.000552678
0.000550963
0.00054924
0.000547576
0.00054593
0.000544277
0.000542617
0.000540951
0.000539278
0.000537598
0.000535912
0.000534221
0.000532524
0.000530822
0.000529191
0.000527701
0.000526205
0.000524701
0.000523191
0.000521675
0.000520153
0.000518625
0.000517091
0.000515552
0.000514008
0.000512458
0.000510904
0.000509345
0.000507782
0.000506214
0.000504642
0.00050321
0.000501818
0.000500421
0.000499019
0.000497611
0.000496199
0.000494782
0.000493361
0.000491935
0.000490505
0.000489071
0.000487633
0.000486191
0.000484746
0.000483297
0.000481873
0.000480478
0.000479112
0.00047781
0.000476504
0.000475195
0.000473881
0.000472563
0.000471242
0.000469918
0.000468605
0.000467335
0.000466062
0.000464785
0.000463504
0.000462221
0.000460934
0.000459644
0.000458351
0.000457055
0.000455756
0.000454455
0.000453153
0.000451986
0.000450815
0.000449641
0.000448464
0.000447283
0.0004461
0.000444913
0.000443724
0.000442532
0.000441338
0.000440141
0.000438941
0.000437739
0.000436535
0.000435329
0.000434121
0.000432911
0.000431788
0.000430693
0.000429595
0.000428495
0.000427392
0.000426287
0.000425179
0.000424069
0.000422957
0.000421844
0.000420728
0.00041961
0.000418491
0.00041737
0.000416248
0.000415124
0.000414033
0.000412948
0.000411879
0.00041085
0.00040982
0.000408788
0.000407754
0.000406719
0.000405681
0.000404674
0.000403677
0.000402678
0.000401676
0.000400673
0.000399669
0.000398663
0.000397655
0.000396646
0.000395636
0.000394624
0.000393611
0.000392597
0.000391581
0.000390613
0.000389685
0.000388755
0.000387823
0.00038689
0.000385955
0.000385019
0.000384081
0.000383143
0.000382203
0.000381262
0.00038032
0.000379376
0.000378432
0.000377487
0.000376541
0.000375594
0.000374647
0.000373726
0.000372854
0.000371981
0.000371106
0.000370231
0.000369354
0.000368476
0.000367597
0.000366718
0.000365837
0.000364956
0.000364074
0.000363191
0.000362307
0.000361423
0.000360547
0.000359692
0.000358836
0.000357979
0.000357122
0.000356264
0.000355414
0.000354591
0.000353781
0.000352988
0.000352194
0.000351399
0.000350604
0.000349807
0.00034901
0.000348212
0.000347413
0.000346613
0.000345813
0.000345012
0.000344211
0.000343409
0.000342607
0.000341804
0.000341001
0.000340198
0.000339416
0.000338671
0.000337925
0.000337178
0.00033643
0.000335682
0.000334934
0.000334185
0.000333435
0.000332685
0.000331934
0.000331183
0.000330432
0.000329681
0.000328929
0.000328176
0.000327424
0.000326671
0.000325919
0.000325167
0.000324465
0.000323763
0.00032306
0.000322356
0.000321653
0.000320949
0.000320244
0.00031954
0.000318835
0.00031813
0.000317424
0.000316722
0.000316039
0.000315355
0.000314671
0.000313986
0.000313302
0.000312617
0.000311932
0.000311246
0.000310561
0.000309875
0.000309202
0.000308562
0.000307921
0.00030728
0.000306638
0.000305997
0.000305355
0.000304713
0.00030407
0.000303427
0.000302785
0.000302142
0.000301498
0.000300855
0.000300212
0.000299568
0.000298925
0.000298282
0.000297638
0.000296995
0.000296351
0.000295743
0.000295139
0.000294535
0.000293931
0.000293326
0.000292722
0.000292117
0.000291512
0.000290907
0.000290302
0.000289697
0.000289092
0.000288487
0.000287882
0.000287278
0.000286673
0.000286068
0.000285463
0.000284859
0.000284254
0.000283652
0.000283082
0.000282513
0.000281943
0.000281373
0.000280804
0.000280247
0.000279694
0.000279141
0.000278588
0.000278034
0.000277481
0.000276927
0.000276374
0.00027582
0.000275267
0.000274714
0.00027416
0.000273607
0.000273054
0.0002725
0.000271947
0.000271394
0.000270842
0.000270302
0.00026978
0.000269259
0.000268737
0.000268215
0.000267694
0.000267172
0.00026665
0.000266129
0.000265607
0.000265086
0.000264564
0.000264043
0.000263522
0.000263001
0.00026248
0.000261959
0.000261439
0.000260918
0.000260398
0.000259878
0.000259358
0.000258848
0.000258356
0.000257864
0.000257372
0.00025688
0.000256388
0.000255896
0.000255404
0.000254912
0.000254421
0.000253929
0.000253438
0.000252947
0.000252456
0.000251974
0.000251495
0.000251017
0.000250539
0.000250061
0.000249584
0.000249106
0.000248629
0.000248152
0.000247675
0.000247208
0.000246756
0.000246304
0.000245852
0.0002454
0.000244948
0.000244496
0.000244044
0.000243592
0.000243141
0.00024269
0.000242238
0.000241787
0.000241337
0.000240886
0.000240435
0.000239985
0.000239535
0.000239085
0.000238635
0.000238186
0.000237737
0.000237288
0.00023684
0.000236413
0.000235986
0.000235559
0.000235132
0.000234706
0.000234279
0.000233853
0.000233427
0.000233001
0.000232576
0.00023215
0.000231725
0.0002313
0.000230876
0.000230451
0.000230027
0.000229603
0.000229179
0.000228756
0.000228332
0.000227909
0.000227487
0.000227064
0.000226642
0.000226244
0.000225851
0.000225458
0.000225064
0.000224671
0.000224279
0.000223886
0.000223493
0.000223101
0.000222709
0.000222317
0.000221925
0.000221533
0.000221142
0.000220751
0.00022036
0.000219969
0.000219578
0.000219188
0.000218798
0.000218408
0.000218019
0.000217629
0.00021724
0.000216851
0.000216478
0.000216107
0.000215736
0.000215365
0.000214994
0.000214623
0.000214252
0.000213882
0.000213512
0.000213142
0.000212773
0.000212403
0.000212034
0.000211665
0.000211296
0.000210928
0.00021056
0.000210192
0.000209824
0.000209457
0.00020909
0.000208723
0.000208356
0.00020799
0.000207624
0.00020726
0.00020691
0.000206559
0.000206209
0.000205859
0.00020551
0.00020516
0.000204811
0.000204468
0.000204126
0.000203785
0.000203443
0.000203102
0.000202762
0.000202421
0.000202081
0.00020174
0.000201401
0.000201061
0.000200721
0.000200382
0.000200043
0.000199705
0.000199366
0.000199028
0.00019869
0.000198364
0.00019804
0.000197716
0.000197392
0.000197069
0.000196746
0.000196423
0.0001961
0.000195778
0.000195455
0.000195133
0.000194812
0.00019449
0.000194169
0.000193847
0.000193527
0.000193206
0.000192885
0.000192565
0.000192245
0.000191926
0.000191606
0.000191287
0.000190969
0.00019065
0.000190332
0.000190014
0.0001897
0.000189394
0.000189089
0.000188783
0.000188478
0.000188174
0.000187869
0.000187565
0.000187261
0.000186957
0.000186654
0.000186351
0.000186047
0.000185745
0.000185442
0.00018514
0.000184842
0.000184546
0.000184249
0.000183953
0.000183658
0.000183362
0.000183067
0.000182772
0.000182477
0.000182183
0.000181896
0.000181613
0.00018133
0.000181047
0.000180764
0.000180482
0.0001802
0.000179918
0.000179636
0.000179354
0.000179073
0.000178792
0.000178511
0.000178231
0.00017795
0.00017767
0.00017739
0.00017711
0.000176831
0.000176552
0.000176273
0.000175994
0.000175715
0.000175437
0.000175159
0.000174882
0.000174604
0.000174327
0.00017405
0.000173775
0.000173508
0.000173241
0.000172975
0.000172708
0.000172442
0.000172176
0.000171911
0.000171645
0.00017138
0.000171115
0.00017085
0.000170586
0.000170322
0.000170058
0.000169794
0.00016953
0.000169267
0.000169004
0.000168741
0.000168479
0.000168217
0.000167954
0.000167693
0.000167431
0.000167173
0.000166917
0.000166669
0.000166421
0.000166174
0.000165926
0.000165679
0.000165432
0.000165185
0.000164938
0.000164692
0.000164446
0.0001642
0.000163954
0.000163708
0.000163463
0.000163218
0.000162973
0.000162728
0.000162483
0.000162239
0.000161995
0.000161751
0.000161508
0.000161264
0.000161021
0.000160778
0.000160535
0.000160293
0.000160051
0.000159809
0.000159567
0.000159325
0.000159088
0.000158855
0.000158622
0.000158388
0.000158156
0.000157923
0.000157691
0.000157459
0.000157227
0.000156995
0.000156763
0.000156532
0.000156301
0.00015607
0.000155839
0.000155609
0.000155379
0.000155149
0.000154919
0.000154689
0.00015446
0.000154231
0.000154002
0.000153773
0.000153545
0.000153317
0.000153089
0.000152861
0.000152634
0.000152416
0.000152199
0.000151982
0.000151765
0.000151549
0.000151333
0.000151117
0.000150901
0.000150685
0.00015047
0.000150255
0.00015004
0.000149825
0.000149611
0.000149396
0.000149182
0.000148968
0.000148754
0.000148541
0.000148327
0.000148114
0.000147901
0.000147688
0.000147476
0.000147264
0.000147051
0.00014684
0.000146628
0.000146416
0.000146205
0.000145994
0.000145785
0.00014558
0.000145376
0.000145172
0.000144968
0.000144764
0.000144561
0.000144357
0.000144154
0.000143951
0.000143749
0.000143546
0.000143344
0.000143142
0.00014294
0.000142738
0.000142537
0.000142335
0.000142134
0.000141933
0.000141733
0.000141532
0.000141332
0.000141132
0.000140932
0.000140732
0.000140533
0.000140333
0.000140134
0.000139936
0.000139737
0.000139539
0.000139345
0.000139155
0.000138965
0.000138776
0.000138586
0.000138397
0.000138208
0.000138019
0.000137831
0.000137642
0.000137454
0.000137266
0.000137078
0.00013689
0.000136702
0.000136515
0.000136328
0.000136141
0.000135954
0.000135767
0.000135581
0.000135394
0.000135208
0.000135022
0.000134837
0.000134651
0.000134466
0.000134281
0.000134096
0.000133911
0.000133726
0.000133542
0.000133363
0.000133184
0.000133005
0.000132826
0.000132648
0.000132469
0.000132291
0.000132113
0.000131935
0.000131758
0.00013158
0.000131403
0.000131226
0.000131049
0.000130872
0.000130696
0.000130519
0.000130343
0.000130167
0.000129991
0.000129816
0.00012964
0.000129465
0.00012929
0.000129115
0.00012894
0.000128766
0.000128592
0.000128417
0.000128243
0.00012807
0.000127896
0.000127723
0.00012755
0.000127381
0.000127215
0.000127049
0.000126883
0.000126717
0.000126551
0.000126385
0.00012622
0.000126055
0.00012589
0.000125725
0.00012556
0.000125395
0.000125231
0.000125067
0.000124903
0.000124739
0.000124575
0.000124411
0.000124248
0.000124085
0.000123922
0.000123759
0.000123596
0.000123433
0.000123271
0.000123109
0.000122947
0.000122785
0.000122623
0.000122462
0.0001223
0.000122142
0.000121985
0.000121828
0.000121671
0.000121515
0.000121358
0.000121202
0.000121046
0.00012089
0.000120734
0.000120579
0.000120423
0.000120268
0.000120113
0.000119958
0.000119803
0.000119649
0.000119494
0.00011934
0.000119186
0.000119032
0.000118878
0.000118724
0.000118571
0.000118418
0.000118264
0.000118111
0.000117959
0.000117806
0.000117654
0.000117501
0.000117349
0.000117197
0.000117045
0.000116894
0.000116742
0.000116593
0.000116447
0.000116301
0.000116155
0.00011601
0.000115864
0.000115719
0.000115574
0.000115429
0.000115284
0.000115139
0.000114995
0.000114851
0.000114706
0.000114562
0.000114418
0.000114275
0.000114131
0.000113988
0.000113844
0.000113701
0.000113558
0.000113415
0.000113272
0.00011313
0.000112988
0.000112845
0.000112703
0.000112561
0.000112419
0.000112278
0.000112136
0.000111995
0.000111854
0.000111716
0.000111579
0.000111441
0.000111304
0.000111167
0.000111029
0.000110893
0.000110756
0.000110619
0.000110483
0.000110346
0.00011021
0.000110074
0.000109938
0.000109802
0.000109667
0.000109531
0.000109396
0.00010926
0.000109125
0.00010899
0.000108856
0.000108721
0.000108587
0.000108452
0.000108318
0.000108184
0.00010805
0.000107916
0.000107783
0.000107649
0.000107516
0.000107383
0.00010725
0.000107117
0.000106984
0.000106851
0.000106721
0.000106592
0.000106464
0.000106337
0.000106209
0.000106081
0.000105954
0.000105826
0.000105699
0.000105572
0.000105445
0.000105318
0.000105192
0.000105065
0.000104939
0.000104812
0.000104686
0.00010456
0.000104434
0.000104308
0.000104183
0.000104057
0.000103932
0.000103807
0.000103682
0.000103557
0.000103432
0.000103307
0.000103183
0.000103058
0.000102934
0.00010281
0.000102686
0.000102562
0.000102438
0.000102314
0.000102194
0.000102073
0.000101952
0.000101832
0.000101711
0.000101591
0.000101471
0.000101351
0.000101231
0.000101111
0.000100992
0.000100872
0.000100753
0.000100634
0.000100515
0.000100396
0.000100277
0.000100158
0.00010004
9.99212e-05
9.98029e-05
9.96847e-05
9.95666e-05
9.94486e-05
9.93308e-05
9.92131e-05
9.90955e-05
9.89781e-05
9.88608e-05
9.87436e-05
9.86265e-05
9.85096e-05
9.83928e-05
9.82761e-05
9.81596e-05
9.80432e-05
9.79269e-05
9.78107e-05
9.76979e-05
9.75854e-05
9.74729e-05
9.73606e-05
9.72485e-05
9.71364e-05
9.70244e-05
9.69126e-05
9.68009e-05
9.66892e-05
9.65777e-05
9.64664e-05
9.63551e-05
9.6244e-05
9.61329e-05
9.6022e-05
9.59112e-05
9.58005e-05
9.569e-05
9.55795e-05
9.54692e-05
9.5359e-05
9.52489e-05
9.51389e-05
9.5029e-05
9.49193e-05
9.48096e-05
9.47001e-05
9.45907e-05
9.44815e-05
9.43723e-05
9.42633e-05
9.41543e-05
9.40455e-05
9.39368e-05
9.38283e-05
9.37198e-05
9.36115e-05
9.35038e-05
9.33978e-05
9.3292e-05
9.31862e-05
9.30806e-05
9.29751e-05
9.28697e-05
9.27644e-05
9.26592e-05
9.25541e-05
9.24492e-05
9.23443e-05
9.22396e-05
9.21349e-05
9.20304e-05
9.1926e-05
9.18217e-05
9.17175e-05
9.16134e-05
9.15094e-05
9.14056e-05
9.13018e-05
9.11982e-05
9.10947e-05
9.09913e-05
9.0888e-05
9.07848e-05
9.06817e-05
9.05787e-05
9.04759e-05
9.03731e-05
9.02705e-05
9.01679e-05
9.00655e-05
8.99632e-05
8.9861e-05
8.9759e-05
8.96571e-05
8.9558e-05
8.9459e-05
8.93601e-05
8.92613e-05
8.91626e-05
8.9064e-05
8.89655e-05
8.88671e-05
8.87688e-05
8.86706e-05
8.85726e-05
8.84746e-05
8.83767e-05
8.82789e-05
8.81812e-05
8.80836e-05
8.79862e-05
8.78888e-05
8.77915e-05
8.76943e-05
8.75973e-05
8.75003e-05
8.74034e-05
8.73067e-05
8.721e-05
8.71134e-05
8.7017e-05
8.69206e-05
8.68244e-05
8.67282e-05
8.66322e-05
8.65362e-05
8.64404e-05
8.63446e-05
8.6249e-05
8.61535e-05
8.6058e-05
8.59627e-05
8.58675e-05
8.57723e-05
8.56773e-05
8.55824e-05
8.54876e-05
8.5394e-05
8.53012e-05
8.52084e-05
8.51157e-05
8.50231e-05
8.49306e-05
8.48382e-05
8.47459e-05
8.46537e-05
8.45616e-05
8.44696e-05
8.43777e-05
8.42859e-05
8.41942e-05
8.41026e-05
8.4011e-05
8.39196e-05
8.38283e-05
8.37371e-05
8.36459e-05
8.35549e-05
8.34639e-05
8.33731e-05
8.32823e-05
8.31917e-05
8.31011e-05
8.30107e-05
8.29203e-05
8.283e-05
8.27399e-05
8.26498e-05
8.25598e-05
8.24699e-05
8.23801e-05
8.22905e-05
8.22026e-05
8.21153e-05
8.20282e-05
8.19411e-05
8.18541e-05
8.17672e-05
8.16804e-05
8.15937e-05
8.15071e-05
8.14205e-05
8.13341e-05
8.12477e-05
8.11614e-05
8.10753e-05
8.09892e-05
8.09032e-05
8.08172e-05
8.07314e-05
8.06457e-05
8.056e-05
8.04745e-05
8.0389e-05
8.03036e-05
8.02183e-05
8.01331e-05
8.0048e-05
7.99629e-05
7.9878e-05
7.97931e-05
7.97084e-05
7.96237e-05
7.95391e-05
7.94546e-05
7.93702e-05
7.92859e-05
7.92017e-05
7.91175e-05
7.90335e-05
7.89495e-05
7.88656e-05
7.87818e-05
7.86981e-05
7.86145e-05
7.8531e-05
7.84476e-05
7.83642e-05
7.8281e-05
7.81978e-05
7.81147e-05
7.80319e-05
7.79504e-05
7.7869e-05
7.77877e-05
7.77065e-05
7.76253e-05
7.75443e-05
7.74633e-05
7.73824e-05
7.73016e-05
7.72209e-05
7.71402e-05
7.70597e-05
7.69792e-05
7.68988e-05
7.68185e-05
7.67383e-05
7.66582e-05
7.65781e-05
7.64981e-05
7.64183e-05
7.63385e-05
7.62587e-05
7.61791e-05
7.60996e-05
7.60201e-05
7.59407e-05
7.58614e-05
7.57822e-05
7.57031e-05
7.5624e-05
7.55454e-05
7.54684e-05
7.53914e-05
7.53146e-05
7.52378e-05
7.5161e-05
7.50844e-05
7.50078e-05
7.49313e-05
7.48549e-05
7.47786e-05
7.47023e-05
7.46261e-05
7.455e-05
7.4474e-05
7.43981e-05
7.43222e-05
7.42464e-05
7.41707e-05
7.4095e-05
7.40195e-05
7.3944e-05
7.38686e-05
7.37932e-05
7.3718e-05
7.36428e-05
7.35677e-05
7.34927e-05
7.34177e-05
7.33428e-05
7.32681e-05
7.31933e-05
7.31187e-05
7.30441e-05
7.29696e-05
7.28952e-05
7.28209e-05
7.27466e-05
7.26725e-05
7.25984e-05
7.25243e-05
7.24504e-05
7.23765e-05
7.23027e-05
7.2229e-05
7.21554e-05
7.20818e-05
7.20083e-05
7.19349e-05
7.18616e-05
7.17883e-05
7.17151e-05
7.1642e-05
7.1569e-05
7.1496e-05
7.14232e-05
7.13504e-05
7.12776e-05
7.12054e-05
7.1134e-05
7.10627e-05
7.09914e-05
7.09202e-05
7.08491e-05
7.0778e-05
7.07071e-05
7.06362e-05
7.05653e-05
7.04946e-05
7.04239e-05
7.03533e-05
7.02828e-05
7.02123e-05
7.01419e-05
7.00716e-05
7.00016e-05
6.99318e-05
6.98622e-05
6.97926e-05
6.9723e-05
6.96536e-05
6.95842e-05
6.95149e-05
6.94456e-05
6.93764e-05
6.93073e-05
6.92386e-05
6.91707e-05
6.91029e-05
6.90352e-05
6.89675e-05
6.88999e-05
6.88324e-05
6.87649e-05
6.86975e-05
6.86302e-05
6.85629e-05
6.84957e-05
6.84286e-05
6.83615e-05
6.82945e-05
6.82276e-05
6.81607e-05
6.80939e-05
6.80272e-05
6.79605e-05
6.78939e-05
6.78274e-05
6.77609e-05
6.76945e-05
6.76282e-05
6.75619e-05
6.74957e-05
6.74296e-05
6.73635e-05
6.72975e-05
6.72316e-05
6.71658e-05
6.71e-05
6.70342e-05
6.69686e-05
6.6903e-05
6.68374e-05
6.6772e-05
6.67066e-05
6.66412e-05
6.6576e-05
6.65108e-05
6.64456e-05
6.63806e-05
6.63156e-05
6.62506e-05
6.61858e-05
6.6121e-05
6.60562e-05
6.59915e-05
6.59269e-05
6.58624e-05
6.57979e-05
6.57335e-05
6.56692e-05
6.56049e-05
6.55407e-05
6.54766e-05
6.54125e-05
6.53485e-05
6.52845e-05
6.52207e-05
6.51577e-05
6.50952e-05
6.50329e-05
6.49706e-05
6.49083e-05
6.48461e-05
6.4784e-05
6.4722e-05
6.466e-05
6.4598e-05
6.45361e-05
6.44743e-05
6.44126e-05
6.43509e-05
6.42893e-05
6.42277e-05
6.41662e-05
6.41047e-05
6.40433e-05
6.3982e-05
6.39208e-05
6.38596e-05
6.37984e-05
6.37373e-05
6.36763e-05
6.36154e-05
6.35545e-05
6.34936e-05
6.34329e-05
6.33721e-05
6.33115e-05
6.32512e-05
6.31915e-05
6.3132e-05
6.30725e-05
6.3013e-05
6.29536e-05
6.28942e-05
6.2835e-05
6.27757e-05
6.27166e-05
6.26574e-05
6.25984e-05
6.25394e-05
6.24805e-05
6.24216e-05
6.23627e-05
6.2304e-05
6.22453e-05
6.21866e-05
6.2128e-05
6.20695e-05
6.2011e-05
6.19526e-05
6.18942e-05
6.18359e-05
6.17777e-05
6.17195e-05
6.16614e-05
6.16033e-05
6.15453e-05
6.14873e-05
6.14294e-05
6.13716e-05
6.13138e-05
6.1256e-05
6.11984e-05
6.11408e-05
6.10832e-05
6.10257e-05
6.09683e-05
6.09109e-05
6.08535e-05
6.07963e-05
6.07391e-05
6.06819e-05
6.06248e-05
6.05677e-05
6.05108e-05
6.04538e-05
6.0397e-05
6.03401e-05
6.02834e-05
6.02267e-05
6.017e-05
6.01134e-05
6.00569e-05
6.00008e-05
5.99455e-05
5.98902e-05
5.9835e-05
5.97798e-05
5.97247e-05
5.96697e-05
5.96147e-05
5.95597e-05
5.95048e-05
5.945e-05
5.93952e-05
5.93404e-05
5.92858e-05
5.92311e-05
5.91765e-05
5.9122e-05
5.90675e-05
5.90131e-05
5.89587e-05
5.89044e-05
5.88502e-05
5.8796e-05
5.87418e-05
5.86877e-05
5.86336e-05
5.85796e-05
5.85257e-05
5.84718e-05
5.8418e-05
5.83642e-05
5.83104e-05
5.82568e-05
5.82031e-05
5.81495e-05
5.8096e-05
5.80425e-05
5.79891e-05
5.79358e-05
5.78824e-05
5.78292e-05
5.7776e-05
5.77234e-05
5.7671e-05
5.76187e-05
5.75664e-05
5.75142e-05
5.7462e-05
5.74099e-05
5.73578e-05
5.73058e-05
5.72538e-05
5.72019e-05
5.715e-05
5.70982e-05
5.70464e-05
5.69947e-05
5.6943e-05
5.68914e-05
5.68398e-05
5.67883e-05
5.67368e-05
5.66854e-05
5.6634e-05
5.65827e-05
5.65314e-05
5.64802e-05
5.6429e-05
5.63779e-05
5.63268e-05
5.62758e-05
5.62248e-05
5.61739e-05
5.6123e-05
5.60721e-05
5.60213e-05
5.59706e-05
5.59199e-05
5.58693e-05
5.58187e-05
5.57682e-05
5.57177e-05
5.56672e-05
5.56168e-05
5.55665e-05
5.55162e-05
5.5466e-05
5.54158e-05
5.53656e-05
5.53155e-05
5.52663e-05
5.52172e-05
5.51681e-05
5.51191e-05
5.50702e-05
5.50213e-05
5.49724e-05
5.49236e-05
5.48749e-05
5.48261e-05
5.47775e-05
5.47288e-05
5.46802e-05
5.46317e-05
5.45832e-05
5.45348e-05
5.44864e-05
5.4438e-05
5.43897e-05
5.43414e-05
5.42932e-05
5.42451e-05
5.41969e-05
5.41489e-05
5.41008e-05
5.40528e-05
5.40049e-05
5.3957e-05
5.39091e-05
5.38613e-05
5.38136e-05
5.37658e-05
5.37182e-05
5.36706e-05
5.3623e-05
5.35754e-05
5.35279e-05
5.34805e-05
5.34331e-05
5.33857e-05
5.33384e-05
5.32912e-05
5.3244e-05
5.31968e-05
5.31497e-05
5.31026e-05
5.30555e-05
5.30085e-05
5.29616e-05
5.29147e-05
5.28678e-05
5.2821e-05
5.27742e-05
5.27275e-05
5.26811e-05
5.2635e-05
5.2589e-05
5.25431e-05
5.24972e-05
5.24513e-05
5.24055e-05
5.23597e-05
5.2314e-05
5.22683e-05
5.22226e-05
5.2177e-05
5.21315e-05
5.2086e-05
5.20405e-05
5.1995e-05
5.19496e-05
5.19043e-05
5.1859e-05
5.18137e-05
5.17685e-05
5.17233e-05
5.16782e-05
5.16331e-05
5.1588e-05
5.1543e-05
5.14981e-05
5.14531e-05
5.14083e-05
5.13634e-05
5.13186e-05
5.12739e-05
5.12292e-05
5.11845e-05
5.11399e-05
5.10953e-05
5.10507e-05
5.10063e-05
5.09626e-05
5.0919e-05
5.08753e-05
5.08318e-05
5.07882e-05
5.07447e-05
5.07013e-05
5.06579e-05
5.06145e-05
5.05711e-05
5.05278e-05
5.04846e-05
5.04414e-05
5.03982e-05
5.0355e-05
5.03119e-05
5.02689e-05
5.02259e-05
5.01829e-05
5.01399e-05
5.0097e-05
5.00542e-05
5.00113e-05
4.99686e-05
4.99258e-05
4.98831e-05
4.98404e-05
4.97978e-05
4.97552e-05
4.97127e-05
4.96702e-05
4.96277e-05
4.95853e-05
4.95429e-05
4.95005e-05
4.94582e-05
4.94159e-05
4.93737e-05
4.93315e-05
4.92893e-05
4.92472e-05
4.92051e-05
4.91631e-05
4.91211e-05
4.90791e-05
4.90372e-05
4.89953e-05
4.89535e-05
4.89117e-05
4.88699e-05
4.88282e-05
4.87865e-05
4.87448e-05
4.87032e-05
4.86616e-05
4.86201e-05
4.85786e-05
4.85371e-05
4.84957e-05
4.84543e-05
4.8413e-05
4.83717e-05
4.83304e-05
4.82892e-05
4.8248e-05
4.82068e-05
4.81657e-05
4.81246e-05
4.80836e-05
4.80426e-05
4.80019e-05
4.79614e-05
4.7921e-05
4.78807e-05
4.78404e-05
4.78001e-05
4.77598e-05
4.77196e-05
4.76794e-05
4.76393e-05
4.75992e-05
4.75591e-05
4.75191e-05
4.74791e-05
4.74392e-05
4.73992e-05
4.73594e-05
4.73196e-05
4.72799e-05
4.72403e-05
4.72008e-05
4.71612e-05
4.71217e-05
4.70823e-05
4.70428e-05
4.70035e-05
4.69644e-05
4.69255e-05
4.68867e-05
4.68479e-05
4.68092e-05
4.67704e-05
4.67318e-05
4.66931e-05
4.66545e-05
4.66159e-05
4.65774e-05
4.65389e-05
4.65004e-05
4.6462e-05
4.64236e-05
4.63852e-05
4.63469e-05
4.63086e-05
4.62703e-05
4.62321e-05
4.61939e-05
4.61557e-05
4.61176e-05
4.60795e-05
4.60414e-05
4.60034e-05
4.59654e-05
4.59274e-05
4.58895e-05
4.58516e-05
4.58138e-05
4.57759e-05
4.57381e-05
4.57004e-05
4.56627e-05
4.5625e-05
4.55873e-05
4.55497e-05
4.55121e-05
4.54745e-05
4.5437e-05
4.53995e-05
4.53621e-05
4.53247e-05
4.52873e-05
4.52499e-05
4.52126e-05
4.51753e-05
4.51381e-05
4.51008e-05
4.50636e-05
4.50265e-05
4.49894e-05
4.49523e-05
4.49152e-05
4.48782e-05
4.48412e-05
4.48043e-05
4.47674e-05
4.47305e-05
4.46936e-05
4.46568e-05
4.462e-05
4.45833e-05
4.45465e-05
4.45098e-05
4.44732e-05
4.44366e-05
4.44e-05
4.43634e-05
4.43269e-05
4.42904e-05
4.4254e-05
4.42175e-05
4.41811e-05
4.41448e-05
4.41087e-05
4.4073e-05
4.40373e-05
4.40016e-05
4.39659e-05
4.39303e-05
4.38947e-05
4.38592e-05
4.38237e-05
4.37882e-05
4.37527e-05
4.37173e-05
4.36819e-05
4.36465e-05
4.36112e-05
4.35759e-05
4.35406e-05
4.35053e-05
4.34701e-05
4.3435e-05
4.33998e-05
4.33647e-05
4.33296e-05
4.32945e-05
4.32595e-05
4.32245e-05
4.31895e-05
4.31546e-05
4.31197e-05
4.30848e-05
4.305e-05
4.30152e-05
4.29804e-05
4.29457e-05
4.29109e-05
4.28762e-05
4.28416e-05
4.2807e-05
4.27727e-05
4.27385e-05
4.27043e-05
4.26702e-05
4.26361e-05
4.2602e-05
4.2568e-05
4.2534e-05
4.25e-05
4.2466e-05
4.24321e-05
4.23982e-05
4.23644e-05
4.23305e-05
4.22967e-05
4.2263e-05
4.22292e-05
4.21955e-05
4.21618e-05
4.21281e-05
4.20945e-05
4.20609e-05
4.20273e-05
4.19938e-05
4.19603e-05
4.19268e-05
4.18933e-05
4.18599e-05
4.18265e-05
4.17932e-05
4.17598e-05
4.17265e-05
4.16932e-05
4.166e-05
4.16267e-05
4.15936e-05
4.15604e-05
4.15273e-05
4.14941e-05
4.14611e-05
4.1428e-05
4.1395e-05
4.1362e-05
4.1329e-05
4.12961e-05
4.12632e-05
4.12303e-05
4.11975e-05
4.11646e-05
4.11319e-05
4.10991e-05
4.10664e-05
4.10336e-05
4.1001e-05
4.09683e-05
4.09357e-05
4.09031e-05
4.08705e-05
4.0838e-05
4.08055e-05
4.0773e-05
4.07406e-05
4.07081e-05
4.0676e-05
4.06441e-05
4.06123e-05
4.05804e-05
4.05486e-05
4.05168e-05
4.0485e-05
4.04533e-05
4.04215e-05
4.03898e-05
4.03582e-05
4.03265e-05
4.02949e-05
4.02634e-05
4.02318e-05
4.02003e-05
4.01688e-05
4.01373e-05
4.01058e-05
4.00744e-05
4.0043e-05
4.00116e-05
3.99803e-05
3.9949e-05
3.99177e-05
3.98864e-05
3.98552e-05
3.9824e-05
3.97928e-05
3.97617e-05
3.97305e-05
3.96994e-05
3.96683e-05
3.96373e-05
3.96063e-05
3.95753e-05
3.95443e-05
3.95134e-05
3.94824e-05
3.94515e-05
3.94207e-05
3.93898e-05
3.9359e-05
3.93282e-05
3.92975e-05
3.92667e-05
3.9236e-05
3.92054e-05
3.91747e-05
3.91441e-05
3.91135e-05
3.90829e-05
3.90523e-05
3.90218e-05
3.89913e-05
3.89608e-05
3.89304e-05
3.89e-05
3.88698e-05
3.88397e-05
3.88097e-05
3.87797e-05
3.87497e-05
3.87197e-05
3.86898e-05
3.86599e-05
3.863e-05
3.86001e-05
3.85703e-05
3.85405e-05
3.85107e-05
3.8481e-05
3.84512e-05
3.84215e-05
3.83918e-05
3.83622e-05
3.83325e-05
3.83029e-05
3.82733e-05
3.82438e-05
3.82142e-05
3.81847e-05
3.81552e-05
3.81258e-05
3.80963e-05
3.80669e-05
3.80375e-05
3.80082e-05
3.79788e-05
3.79495e-05
3.79202e-05
3.7891e-05
3.78617e-05
3.78325e-05
3.78033e-05
3.77742e-05
3.7745e-05
3.77159e-05
3.76868e-05
3.76577e-05
3.76287e-05
3.75997e-05
3.75707e-05
3.75417e-05
3.75128e-05
3.74842e-05
3.74556e-05
3.74272e-05
3.73987e-05
3.73702e-05
3.73418e-05
3.73134e-05
3.7285e-05
3.72567e-05
3.72284e-05
3.72001e-05
3.71718e-05
3.71435e-05
3.71153e-05
3.70871e-05
3.70589e-05
3.70307e-05
3.70026e-05
3.69744e-05
3.69464e-05
3.69183e-05
3.68902e-05
3.68622e-05
3.68342e-05
3.68062e-05
3.67783e-05
3.67503e-05
3.67224e-05
3.66945e-05
3.66667e-05
3.66388e-05
3.6611e-05
3.65832e-05
3.65554e-05
3.65277e-05
3.64999e-05
3.64722e-05
3.64445e-05
3.64169e-05
3.63892e-05
3.63616e-05
3.6334e-05
3.63065e-05
3.62789e-05
3.62514e-05
3.62239e-05
3.61964e-05
3.6169e-05
3.61415e-05
3.61141e-05
3.60867e-05
3.60594e-05
3.6032e-05
3.60047e-05
3.59774e-05
3.59501e-05
3.59229e-05
3.58956e-05
3.58684e-05
3.58413e-05
3.58141e-05
3.57869e-05
3.57598e-05
3.57327e-05
3.57057e-05
3.56786e-05
3.56516e-05
3.56246e-05
3.55976e-05
3.55706e-05
3.55437e-05
3.55168e-05
3.54899e-05
3.5463e-05
3.54362e-05
3.54093e-05
3.53825e-05
3.53557e-05
3.5329e-05
3.53022e-05
3.52755e-05
3.52488e-05
3.52222e-05
3.51956e-05
3.51693e-05
3.51429e-05
3.51166e-05
3.50902e-05
3.50639e-05
3.50377e-05
3.50114e-05
3.49852e-05
3.49589e-05
3.49328e-05
3.49066e-05
3.48804e-05
3.48543e-05
3.48282e-05
3.48021e-05
3.4776e-05
3.475e-05
3.4724e-05
3.4698e-05
3.4672e-05
3.4646e-05
3.46201e-05
3.45942e-05
3.45683e-05
3.45424e-05
3.45166e-05
3.44911e-05
3.44656e-05
3.44401e-05
3.44147e-05
3.43892e-05
3.43638e-05
3.43384e-05
3.4313e-05
3.42877e-05
3.42623e-05
3.4237e-05
3.42117e-05
3.41865e-05
3.41612e-05
3.4136e-05
3.41108e-05
3.40856e-05
3.40604e-05
3.40352e-05
3.40101e-05
3.3985e-05
3.39599e-05
3.39348e-05
3.39098e-05
3.38847e-05
3.38597e-05
3.38347e-05
3.38097e-05
3.37848e-05
3.37599e-05
3.37349e-05
3.371e-05
3.36852e-05
3.36603e-05
3.36355e-05
3.36107e-05
3.35859e-05
3.35611e-05
3.35363e-05
3.35116e-05
3.34869e-05
3.34622e-05
3.34375e-05
3.34128e-05
3.33882e-05
3.33636e-05
3.3339e-05
3.33144e-05
3.32898e-05
3.32653e-05
3.32408e-05
3.32163e-05
3.31918e-05
3.31673e-05
3.31429e-05
3.31185e-05
3.3094e-05
3.30697e-05
3.30453e-05
3.30209e-05
3.29966e-05
3.29723e-05
3.2948e-05
3.29238e-05
3.28995e-05
3.28753e-05
3.28511e-05
3.28269e-05
3.28027e-05
3.27786e-05
3.27544e-05
3.27303e-05
3.27062e-05
3.26821e-05
3.26581e-05
3.2634e-05
3.261e-05
3.2586e-05
3.2562e-05
3.25381e-05
3.25141e-05
3.24902e-05
3.24663e-05
3.24424e-05
3.24186e-05
3.23947e-05
3.23709e-05
3.23471e-05
3.23233e-05
3.22995e-05
3.22758e-05
3.2252e-05
3.22283e-05
3.22046e-05
3.2181e-05
3.21573e-05
3.21337e-05
3.211e-05
3.20867e-05
3.20634e-05
3.20401e-05
3.20168e-05
3.19935e-05
3.19703e-05
3.19471e-05
3.19239e-05
3.19007e-05
3.18775e-05
3.18544e-05
3.18312e-05
3.18081e-05
3.1785e-05
3.17619e-05
3.17389e-05
3.17158e-05
3.16928e-05
3.16698e-05
3.16468e-05
3.16238e-05
3.16009e-05
3.15779e-05
3.1555e-05
3.15321e-05
3.15092e-05
3.14864e-05
3.14635e-05
3.14407e-05
3.14179e-05
3.13951e-05
3.13723e-05
3.13496e-05
3.13268e-05
3.13041e-05
3.12814e-05
3.12587e-05
3.12361e-05
3.12134e-05
3.11908e-05
3.11682e-05
3.11457e-05
3.11233e-05
3.11009e-05
3.10785e-05
3.10562e-05
3.10339e-05
3.10116e-05
3.09893e-05
3.0967e-05
3.09447e-05
3.09225e-05
3.09003e-05
3.08781e-05
3.08559e-05
3.08337e-05
3.08115e-05
3.07894e-05
3.07673e-05
3.07452e-05
3.07231e-05
3.0701e-05
3.0679e-05
3.06569e-05
3.06349e-05
3.06129e-05
3.05909e-05
3.05689e-05
3.0547e-05
3.05251e-05
3.05031e-05
3.04812e-05
3.04594e-05
3.04375e-05
3.04156e-05
3.03938e-05
3.0372e-05
3.03502e-05
3.03284e-05
3.03066e-05
3.02849e-05
3.02632e-05
3.02414e-05
3.02197e-05
3.01981e-05
3.01764e-05
3.01547e-05
3.01331e-05
3.01115e-05
3.00899e-05
3.00683e-05
3.00467e-05
3.00252e-05
3.00037e-05
2.99821e-05
2.99606e-05
2.99392e-05
2.99177e-05
2.98962e-05
2.98748e-05
2.98534e-05
2.9832e-05
2.98106e-05
2.97892e-05
2.97679e-05
2.97466e-05
2.97252e-05
2.97039e-05
2.96827e-05
2.96614e-05
2.96401e-05
2.96189e-05
2.95977e-05
2.95765e-05
2.95553e-05
2.95341e-05
2.9513e-05
2.94918e-05
2.94707e-05
2.94496e-05
2.94285e-05
2.94074e-05
2.93864e-05
2.93653e-05
2.93445e-05
2.93237e-05
2.93029e-05
2.92822e-05
2.92614e-05
2.92407e-05
2.922e-05
2.91993e-05
2.91786e-05
2.91579e-05
2.91373e-05
2.91166e-05
2.9096e-05
2.90754e-05
2.90548e-05
2.90342e-05
2.90137e-05
2.89931e-05
2.89726e-05
2.89521e-05
2.89316e-05
2.89111e-05
2.88907e-05
2.88702e-05
2.88498e-05
2.88294e-05
2.8809e-05
2.87886e-05
2.87682e-05
2.87478e-05
2.87275e-05
2.87072e-05
2.86869e-05
2.86666e-05
2.86463e-05
2.8626e-05
2.86058e-05
2.85855e-05
2.85653e-05
2.85451e-05
2.85249e-05
2.85048e-05
2.84846e-05
2.84645e-05
2.84443e-05
2.84242e-05
2.84041e-05
2.8384e-05
2.8364e-05
2.83439e-05
2.83239e-05
2.83039e-05
2.82839e-05
2.82639e-05
2.82439e-05
2.82239e-05
2.8204e-05
2.81841e-05
2.81641e-05
2.81442e-05
2.81244e-05
2.81045e-05
2.80846e-05
2.80648e-05
2.8045e-05
2.80252e-05
2.80054e-05
2.79856e-05
2.79658e-05
2.79461e-05
2.79263e-05
2.79066e-05
2.78869e-05
2.78672e-05
2.78476e-05
2.78281e-05
2.78085e-05
2.77891e-05
2.77696e-05
2.77501e-05
2.77307e-05
2.77112e-05
2.76918e-05
2.76724e-05
2.7653e-05
2.76336e-05
2.76143e-05
2.75949e-05
2.75756e-05
2.75563e-05
2.7537e-05
2.75177e-05
2.74984e-05
2.74792e-05
2.74599e-05
2.74407e-05
2.74215e-05
2.74023e-05
2.73831e-05
2.73639e-05
2.73448e-05
2.73256e-05
2.73065e-05
2.72874e-05
2.72683e-05
2.72492e-05
2.72301e-05
2.7211e-05
2.7192e-05
2.7173e-05
2.71539e-05
2.71349e-05
2.71159e-05
2.7097e-05
2.7078e-05
2.70591e-05
2.70401e-05
2.70212e-05
2.70023e-05
2.69834e-05
2.69645e-05
2.69457e-05
2.69268e-05
2.6908e-05
2.68892e-05
2.68704e-05
2.68516e-05
2.68328e-05
2.6814e-05
2.67953e-05
2.67766e-05
2.67578e-05
2.67391e-05
2.67204e-05
2.67018e-05
2.66833e-05
2.66648e-05
2.66464e-05
2.66279e-05
2.66095e-05
2.65911e-05
2.65726e-05
2.65542e-05
2.65359e-05
2.65175e-05
2.64991e-05
2.64808e-05
2.64624e-05
2.64441e-05
2.64258e-05
2.64075e-05
2.63893e-05
2.6371e-05
2.63527e-05
2.63345e-05
2.63163e-05
2.62981e-05
2.62799e-05
2.62617e-05
2.62435e-05
2.62253e-05
2.62072e-05
2.61891e-05
2.61709e-05
2.61528e-05
2.61348e-05
2.61167e-05
2.60986e-05
2.60806e-05
2.60625e-05
2.60445e-05
2.60265e-05
2.60085e-05
2.59905e-05
2.59725e-05
2.59546e-05
2.59366e-05
2.59187e-05
2.59008e-05
2.58828e-05
2.5865e-05
2.58471e-05
2.58292e-05
2.58113e-05
2.57935e-05
2.57757e-05
2.57579e-05
2.57401e-05
2.57223e-05
2.57045e-05
2.56867e-05
2.5669e-05
2.56512e-05
2.56335e-05
2.56158e-05
2.55981e-05
2.55804e-05
2.55627e-05
2.55451e-05
2.55274e-05
2.55098e-05
2.54922e-05
2.54746e-05
2.5457e-05
2.54394e-05
2.54218e-05
2.54043e-05
2.53867e-05
2.53692e-05
2.53517e-05
2.53342e-05
2.53167e-05
2.52992e-05
2.52817e-05
2.52643e-05
2.52468e-05
2.52294e-05
2.5212e-05
2.51946e-05
2.51772e-05
2.51598e-05
2.51424e-05
2.51251e-05
2.51077e-05
2.50904e-05
2.50731e-05
2.50558e-05
2.50385e-05
2.50212e-05
2.5004e-05
2.49867e-05
2.49695e-05
2.49523e-05
2.4935e-05
2.49178e-05
2.49007e-05
2.48835e-05
2.48663e-05
2.48492e-05
2.4832e-05
2.48149e-05
2.47978e-05
2.47807e-05
2.47636e-05
2.47465e-05
2.47295e-05
2.47124e-05
2.46954e-05
2.46784e-05
2.46613e-05
2.46443e-05
2.46274e-05
2.46104e-05
2.45934e-05
2.45766e-05
2.45598e-05
2.45429e-05
2.45261e-05
2.45093e-05
2.44925e-05
2.44758e-05
2.4459e-05
2.44423e-05
2.44255e-05
2.44088e-05
2.43921e-05
2.43754e-05
2.43587e-05
2.4342e-05
2.43253e-05
2.43087e-05
2.4292e-05
2.42754e-05
2.42588e-05
2.42422e-05
2.42256e-05
2.4209e-05
2.41924e-05
2.41759e-05
2.41593e-05
2.41428e-05
2.41263e-05
2.41098e-05
2.40934e-05
2.40771e-05
2.40607e-05
2.40444e-05
2.40281e-05
2.40118e-05
2.39955e-05
2.39792e-05
2.39629e-05
2.39467e-05
2.39304e-05
2.39142e-05
2.3898e-05
2.38818e-05
2.38656e-05
2.38494e-05
2.38332e-05
2.3817e-05
2.38009e-05
2.37847e-05
2.37686e-05
2.37525e-05
2.37363e-05
2.37203e-05
2.37042e-05
2.36881e-05
2.3672e-05
2.3656e-05
2.36399e-05
2.36239e-05
2.36079e-05
2.35919e-05
2.35759e-05
2.35599e-05
2.35439e-05
2.3528e-05
2.3512e-05
2.34961e-05
2.34801e-05
2.34642e-05
2.34483e-05
2.34324e-05
2.34165e-05
2.34007e-05
2.33848e-05
2.3369e-05
2.33531e-05
2.33373e-05
2.33215e-05
2.33057e-05
2.32899e-05
2.32741e-05
2.32583e-05
2.32426e-05
2.32268e-05
2.32111e-05
2.31954e-05
2.31796e-05
2.31639e-05
2.31482e-05
2.31326e-05
2.31169e-05
2.31012e-05
2.30856e-05
2.307e-05
2.30543e-05
2.30387e-05
2.30231e-05
2.30075e-05
2.29919e-05
2.29764e-05
2.29608e-05
2.29453e-05
2.29297e-05
2.29142e-05
2.28987e-05
2.28832e-05
2.28677e-05
2.28522e-05
2.28367e-05
2.28213e-05
2.28058e-05
2.27904e-05
2.2775e-05
2.27595e-05
2.27441e-05
2.27287e-05
2.27134e-05
2.2698e-05
2.26826e-05
2.26673e-05
2.26519e-05
2.26366e-05
2.26213e-05
2.2606e-05
2.25907e-05
2.25754e-05
2.25601e-05
2.25449e-05
2.25296e-05
2.25144e-05
2.24991e-05
2.24839e-05
2.24687e-05
2.24535e-05
2.24383e-05
2.24231e-05
2.2408e-05
2.23928e-05
2.23777e-05
2.23625e-05
2.23474e-05
2.23323e-05
2.23172e-05
2.23021e-05
2.2287e-05
2.2272e-05
2.22569e-05
2.22419e-05
2.22268e-05
2.22118e-05
2.21968e-05
2.21818e-05
2.21668e-05
2.21518e-05
2.21368e-05
2.21218e-05
2.21069e-05
2.2092e-05
2.2077e-05
2.20621e-05
2.20472e-05
2.20323e-05
2.20174e-05
2.20025e-05
2.19877e-05
2.19728e-05
2.1958e-05
2.19431e-05
2.19283e-05
2.19135e-05
2.18987e-05
2.18839e-05
2.18691e-05
2.18543e-05
2.18396e-05
2.18248e-05
2.18101e-05
2.17955e-05
2.17809e-05
2.17663e-05
2.17517e-05
2.17371e-05
2.17225e-05
2.1708e-05
2.16934e-05
2.16789e-05
2.16643e-05
2.16498e-05
2.16353e-05
2.16208e-05
2.16063e-05
2.15918e-05
2.15773e-05
2.15629e-05
2.15484e-05
2.1534e-05
2.15196e-05
2.15051e-05
2.14907e-05
2.14763e-05
2.14619e-05
2.14475e-05
2.14332e-05
2.14188e-05
2.14044e-05
2.13901e-05
2.13758e-05
2.13614e-05
2.13471e-05
2.13328e-05
2.13185e-05
2.13043e-05
2.129e-05
2.12757e-05
2.12615e-05
2.12472e-05
2.1233e-05
2.12188e-05
2.12046e-05
2.11904e-05
2.11762e-05
2.1162e-05
2.11478e-05
2.11336e-05
2.11195e-05
2.11053e-05
2.10912e-05
2.10771e-05
2.1063e-05
2.10489e-05
2.10348e-05
2.10207e-05
2.10066e-05
2.09925e-05
2.09785e-05
2.09644e-05
2.09504e-05
2.09364e-05
2.09224e-05
2.09084e-05
2.08945e-05
2.08806e-05
2.08667e-05
2.08528e-05
2.08389e-05
2.0825e-05
2.08112e-05
2.07973e-05
2.07834e-05
2.07696e-05
2.07558e-05
2.07419e-05
2.07281e-05
2.07143e-05
2.07005e-05
2.06868e-05
2.0673e-05
2.06592e-05
2.06455e-05
2.06317e-05
2.0618e-05
2.06042e-05
2.05905e-05
2.05768e-05
2.05631e-05
2.05494e-05
2.05358e-05
2.05221e-05
2.05084e-05
2.04948e-05
2.04811e-05
2.04675e-05
2.04539e-05
2.04403e-05
2.04267e-05
2.04131e-05
2.03995e-05
2.03859e-05
2.03723e-05
2.03588e-05
2.03452e-05
2.03317e-05
2.03182e-05
2.03046e-05
2.02911e-05
2.02776e-05
2.02641e-05
2.02506e-05
2.02372e-05
2.02237e-05
2.02103e-05
2.01968e-05
2.01834e-05
2.01699e-05
2.01565e-05
2.01431e-05
2.01297e-05
2.01163e-05
2.01029e-05
2.00896e-05
2.00762e-05
2.00629e-05
2.00495e-05
2.00362e-05
2.00229e-05
2.00095e-05
1.99962e-05
1.99829e-05
1.99696e-05
1.99564e-05
1.99431e-05
1.99298e-05
1.99166e-05
1.99033e-05
1.98901e-05
1.98769e-05
1.98637e-05
1.98505e-05
1.98373e-05
1.98241e-05
1.98109e-05
1.97977e-05
1.97846e-05
1.97714e-05
1.97583e-05
1.97451e-05
1.9732e-05
1.97189e-05
1.97058e-05
1.96927e-05
1.96796e-05
1.96665e-05
1.96535e-05
1.96404e-05
1.96273e-05
1.96143e-05
1.96013e-05
1.95882e-05
1.95752e-05
1.95622e-05
1.95492e-05
1.95362e-05
1.95232e-05
1.95103e-05
1.94973e-05
1.94844e-05
1.94714e-05
1.94585e-05
1.94456e-05
1.94326e-05
1.94197e-05
1.94068e-05
1.93939e-05
1.93811e-05
1.93682e-05
1.93553e-05
1.93425e-05
1.93296e-05
1.93168e-05
1.93039e-05
1.92911e-05
1.92783e-05
1.92655e-05
1.92527e-05
1.92399e-05
1.92272e-05
1.92144e-05
1.92016e-05
1.91889e-05
1.91762e-05
1.91636e-05
1.91509e-05
1.91383e-05
1.91257e-05
1.9113e-05
1.91004e-05
1.90878e-05
1.90752e-05
1.90626e-05
1.90501e-05
1.90375e-05
1.90249e-05
1.90124e-05
1.89998e-05
1.89873e-05
1.89748e-05
1.89622e-05
1.89497e-05
1.89372e-05
1.89247e-05
1.89123e-05
1.88998e-05
1.88873e-05
1.88748e-05
1.88624e-05
1.885e-05
1.88375e-05
1.88251e-05
1.88127e-05
1.88003e-05
1.87879e-05
1.87755e-05
1.87631e-05
1.87507e-05
1.87384e-05
1.8726e-05
1.87136e-05
1.87013e-05
1.8689e-05
1.86767e-05
1.86643e-05
1.8652e-05
1.86397e-05
1.86274e-05
1.86152e-05
1.86029e-05
1.85906e-05
1.85784e-05
1.85661e-05
1.85539e-05
1.85416e-05
1.85294e-05
1.85172e-05
1.8505e-05
1.84928e-05
1.84806e-05
1.84684e-05
1.84562e-05
1.84441e-05
1.84319e-05
1.84198e-05
1.84076e-05
1.83955e-05
1.83834e-05
1.83713e-05
1.83591e-05
1.8347e-05
1.8335e-05
1.83229e-05
1.83108e-05
1.82987e-05
1.82867e-05
1.82746e-05
1.82626e-05
1.82505e-05
1.82385e-05
1.82265e-05
1.82145e-05
1.82025e-05
1.81905e-05
1.81785e-05
1.81665e-05
1.81546e-05
1.81426e-05
1.81307e-05
1.81187e-05
1.81068e-05
1.80948e-05
1.80829e-05
1.8071e-05
1.80591e-05
1.80472e-05
1.80353e-05
1.80235e-05
1.80116e-05
1.79997e-05
1.79879e-05
1.7976e-05
1.79642e-05
1.79523e-05
1.79405e-05
1.79287e-05
1.79169e-05
1.79051e-05
1.78933e-05
1.78815e-05
1.78698e-05
1.7858e-05
1.78462e-05
1.78345e-05
1.78227e-05
1.7811e-05
1.77993e-05
1.77876e-05
1.77758e-05
1.77641e-05
1.77524e-05
1.77408e-05
1.77291e-05
1.77174e-05
1.77057e-05
1.76941e-05
1.76824e-05
1.76708e-05
1.76592e-05
1.76475e-05
1.76359e-05
1.76243e-05
1.76127e-05
1.76011e-05
1.75896e-05
1.7578e-05
1.75664e-05
1.75549e-05
1.75433e-05
1.75318e-05
1.75203e-05
1.75089e-05
1.74974e-05
1.74859e-05
1.74745e-05
1.7463e-05
1.74516e-05
1.74401e-05
1.74287e-05
1.74173e-05
1.74058e-05
1.73944e-05
1.7383e-05
1.73716e-05
1.73603e-05
1.73489e-05
1.73375e-05
1.73261e-05
1.73148e-05
1.73034e-05
1.72921e-05
1.72808e-05
1.72694e-05
1.72581e-05
1.72468e-05
1.72355e-05
1.72242e-05
1.72129e-05
1.72017e-05
1.71904e-05
1.71791e-05
1.71679e-05
1.71566e-05
1.71454e-05
1.71342e-05
1.71229e-05
1.71117e-05
1.71005e-05
1.70893e-05
1.70781e-05
1.70669e-05
1.70557e-05
1.70446e-05
1.70334e-05
1.70222e-05
1.70111e-05
1.7e-05
1.69888e-05
1.69777e-05
1.69666e-05
1.69555e-05
1.69444e-05
1.69333e-05
1.69222e-05
1.69111e-05
1.69e-05
1.68889e-05
1.68779e-05
1.68668e-05
1.68558e-05
1.68447e-05
1.68337e-05
1.68227e-05
1.68117e-05
1.68007e-05
1.67897e-05
1.67787e-05
1.67677e-05
1.67567e-05
1.67457e-05
1.67348e-05
1.67238e-05
1.67129e-05
1.67019e-05
1.6691e-05
1.66801e-05
1.66692e-05
1.66582e-05
1.66473e-05
1.66364e-05
1.66256e-05
1.66147e-05
1.66038e-05
1.65929e-05
1.65821e-05
1.65712e-05
1.65604e-05
1.65495e-05
1.65387e-05
1.65279e-05
1.65171e-05
1.65062e-05
1.64954e-05
1.64847e-05
1.64739e-05
1.64631e-05
1.64524e-05
1.64417e-05
1.6431e-05
1.64203e-05
1.64096e-05
1.63989e-05
1.63882e-05
1.63776e-05
1.63669e-05
1.63562e-05
1.63456e-05
1.6335e-05
1.63243e-05
1.63137e-05
1.63031e-05
1.62925e-05
1.62818e-05
1.62712e-05
1.62607e-05
1.62501e-05
1.62395e-05
1.62289e-05
1.62183e-05
1.62078e-05
1.61972e-05
1.61867e-05
1.61762e-05
1.61656e-05
1.61551e-05
1.61446e-05
1.61341e-05
1.61236e-05
1.61131e-05
1.61026e-05
1.60921e-05
1.60816e-05
1.60712e-05
1.60607e-05
1.60503e-05
1.60398e-05
1.60294e-05
1.60189e-05
1.60085e-05
1.59981e-05
1.59877e-05
1.59773e-05
1.59669e-05
1.59565e-05
1.59461e-05
1.59357e-05
1.59254e-05
1.5915e-05
1.59046e-05
1.58943e-05
1.58839e-05
1.58736e-05
1.58633e-05
1.5853e-05
1.58426e-05
1.58323e-05
1.5822e-05
1.58117e-05
1.58015e-05
1.57912e-05
1.57809e-05
1.57706e-05
1.57604e-05
1.57501e-05
1.57399e-05
1.57296e-05
1.57194e-05
1.57092e-05
1.5699e-05
1.56887e-05
1.56785e-05
1.56683e-05
1.56581e-05
1.5648e-05
1.56378e-05
1.56276e-05
1.56174e-05
1.56073e-05
1.55971e-05
1.5587e-05
1.55769e-05
1.55667e-05
1.55566e-05
1.55465e-05
1.55364e-05
1.55263e-05
1.55162e-05
1.55061e-05
1.5496e-05
1.54859e-05
1.54758e-05
1.54658e-05
1.54557e-05
1.54457e-05
1.54356e-05
1.54256e-05
1.54156e-05
1.54055e-05
1.53955e-05
1.53855e-05
1.53755e-05
1.53655e-05
1.53555e-05
1.53455e-05
1.53356e-05
1.53256e-05
1.53156e-05
1.53057e-05
1.52957e-05
1.52858e-05
1.52758e-05
1.52659e-05
1.5256e-05
1.52461e-05
1.52361e-05
1.52262e-05
1.52163e-05
1.52065e-05
1.51966e-05
1.51867e-05
1.51768e-05
1.5167e-05
1.51571e-05
1.51472e-05
1.51374e-05
1.51276e-05
1.51177e-05
1.51079e-05
1.50981e-05
1.50883e-05
1.50785e-05
1.50687e-05
1.50589e-05
1.50491e-05
1.50393e-05
1.50295e-05
1.50198e-05
1.501e-05
1.50003e-05
1.49905e-05
1.49808e-05
1.4971e-05
1.49613e-05
1.49516e-05
1.49419e-05
1.49322e-05
1.49225e-05
1.49128e-05
1.49031e-05
1.48934e-05
1.48837e-05
1.4874e-05
1.48644e-05
1.48547e-05
1.48451e-05
1.48354e-05
1.48258e-05
1.48162e-05
1.48065e-05
1.47969e-05
1.47873e-05
1.47777e-05
1.47681e-05
1.47585e-05
1.47489e-05
1.47393e-05
1.47298e-05
1.47202e-05
1.47106e-05
1.47011e-05
1.46915e-05
1.4682e-05
1.46725e-05
1.46629e-05
1.46534e-05
1.46439e-05
1.46344e-05
1.46249e-05
1.46154e-05
1.46059e-05
1.45964e-05
1.45869e-05
1.45775e-05
1.4568e-05
1.45585e-05
1.45491e-05
1.45396e-05
1.45302e-05
1.45208e-05
1.45113e-05
1.45019e-05
1.44925e-05
1.44831e-05
1.44737e-05
1.44643e-05
1.44549e-05
1.44455e-05
1.44361e-05
1.44267e-05
1.44174e-05
1.4408e-05
1.43987e-05
1.43893e-05
1.438e-05
1.43706e-05
1.43613e-05
1.4352e-05
1.43427e-05
1.43334e-05
1.43241e-05
1.43148e-05
1.43055e-05
1.42962e-05
1.42869e-05
1.42776e-05
1.42684e-05
1.42591e-05
1.42499e-05
1.42406e-05
1.42314e-05
1.42221e-05
1.42129e-05
1.42037e-05
1.41945e-05
1.41853e-05
1.41761e-05
1.41669e-05
1.41577e-05
1.41485e-05
1.41393e-05
1.41301e-05
1.41209e-05
1.41118e-05
1.41026e-05
1.40935e-05
1.40843e-05
1.40752e-05
1.40661e-05
1.40569e-05
1.40478e-05
1.40387e-05
1.40296e-05
1.40205e-05
1.40114e-05
1.40023e-05
1.39932e-05
1.39842e-05
1.39751e-05
1.3966e-05
1.3957e-05
1.39479e-05
1.39389e-05
1.39298e-05
1.39208e-05
1.39118e-05
1.39027e-05
1.38937e-05
1.38848e-05
1.38758e-05
1.38668e-05
1.38578e-05
1.38489e-05
1.38399e-05
1.3831e-05
1.3822e-05
1.38131e-05
1.38042e-05
1.37953e-05
1.37863e-05
1.37774e-05
1.37685e-05
1.37596e-05
1.37508e-05
1.37419e-05
1.3733e-05
1.37241e-05
1.37153e-05
1.37064e-05
1.36975e-05
1.36887e-05
1.36799e-05
1.3671e-05
1.36622e-05
1.36534e-05
1.36445e-05
1.36357e-05
1.36269e-05
1.36181e-05
1.36093e-05
1.36005e-05
1.35917e-05
1.3583e-05
1.35742e-05
1.35654e-05
1.35567e-05
1.35479e-05
1.35392e-05
1.35304e-05
1.35217e-05
1.3513e-05
1.35042e-05
1.34955e-05
1.34868e-05
1.34781e-05
1.34694e-05
1.34608e-05
1.34521e-05
1.34434e-05
1.34348e-05
1.34261e-05
1.34175e-05
1.34088e-05
1.34002e-05
1.33916e-05
1.33829e-05
1.33743e-05
1.33657e-05
1.33571e-05
1.33485e-05
1.33399e-05
1.33313e-05
1.33227e-05
1.33141e-05
1.33056e-05
1.3297e-05
1.32884e-05
1.32799e-05
1.32713e-05
1.32628e-05
1.32542e-05
1.32457e-05
1.32372e-05
1.32286e-05
1.32201e-05
1.32116e-05
1.32031e-05
1.31946e-05
1.31861e-05
1.31776e-05
1.31691e-05
1.31606e-05
1.31522e-05
1.31437e-05
1.31352e-05
1.31268e-05
1.31183e-05
1.31099e-05
1.31014e-05
1.3093e-05
1.30846e-05
1.30762e-05
1.30677e-05
1.30593e-05
1.30509e-05
1.30425e-05
1.30341e-05
1.30257e-05
1.30173e-05
1.3009e-05
1.30006e-05
1.29922e-05
1.29838e-05
1.29755e-05
1.29671e-05
1.29588e-05
1.29504e-05
1.29421e-05
1.29338e-05
1.29255e-05
1.29171e-05
1.29088e-05
1.29005e-05
1.28922e-05
1.28839e-05
1.28756e-05
1.28673e-05
1.2859e-05
1.28508e-05
1.28425e-05
1.28342e-05
1.2826e-05
1.28177e-05
1.28095e-05
1.28012e-05
1.2793e-05
1.27847e-05
1.27765e-05
1.27683e-05
1.27601e-05
1.27519e-05
1.27437e-05
1.27355e-05
1.27273e-05
1.27191e-05
1.27109e-05
1.27027e-05
1.26945e-05
1.26864e-05
1.26782e-05
1.267e-05
1.26619e-05
1.26537e-05
1.26456e-05
1.26375e-05
1.26293e-05
1.26212e-05
1.26131e-05
1.2605e-05
1.25969e-05
1.25888e-05
1.25807e-05
1.25726e-05
1.25645e-05
1.25564e-05
1.25483e-05
1.25402e-05
1.25322e-05
1.25241e-05
1.2516e-05
1.2508e-05
1.24999e-05
1.24919e-05
1.24839e-05
1.24758e-05
1.24678e-05
1.24598e-05
1.24518e-05
1.24438e-05
1.24358e-05
1.24278e-05
1.24198e-05
1.24118e-05
1.24038e-05
1.23958e-05
1.23878e-05
1.23799e-05
1.23719e-05
1.23639e-05
1.2356e-05
1.2348e-05
1.23401e-05
1.23322e-05
1.23242e-05
1.23163e-05
1.23084e-05
1.23005e-05
1.22926e-05
1.22847e-05
1.22768e-05
1.22689e-05
1.2261e-05
1.22531e-05
1.22452e-05
1.22373e-05
1.22295e-05
1.22216e-05
1.22137e-05
1.22059e-05
1.2198e-05
1.21902e-05
1.21823e-05
1.21745e-05
1.21667e-05
1.21589e-05
1.2151e-05
1.21432e-05
1.21354e-05
1.21276e-05
1.21198e-05
1.2112e-05
1.21042e-05
1.20965e-05
1.20887e-05
1.20809e-05
1.20731e-05
1.20654e-05
1.20576e-05
1.20499e-05
1.20421e-05
1.20344e-05
1.20266e-05
1.20189e-05
1.20112e-05
1.20035e-05
1.19957e-05
1.1988e-05
1.19803e-05
1.19726e-05
1.19649e-05
1.19572e-05
1.19495e-05
1.19419e-05
1.19342e-05
1.19265e-05
1.19188e-05
1.19112e-05
1.19035e-05
1.18959e-05
1.18882e-05
1.18806e-05
1.18729e-05
1.18653e-05
1.18577e-05
1.18501e-05
1.18425e-05
1.18348e-05
1.18272e-05
1.18196e-05
1.1812e-05
1.18044e-05
1.17969e-05
1.17893e-05
1.17817e-05
1.17741e-05
1.17666e-05
1.1759e-05
1.17514e-05
1.17439e-05
1.17363e-05
1.17288e-05
1.17213e-05
1.17137e-05
1.17062e-05
1.16987e-05
1.16912e-05
1.16836e-05
1.16761e-05
1.16686e-05
1.16611e-05
1.16536e-05
1.16462e-05
1.16387e-05
1.16312e-05
1.16237e-05
1.16163e-05
1.16088e-05
1.16013e-05
1.15939e-05
1.15864e-05
1.1579e-05
1.15715e-05
1.15641e-05
1.15567e-05
1.15493e-05
1.15418e-05
1.15344e-05
1.1527e-05
1.15196e-05
1.15122e-05
1.15048e-05
1.14974e-05
1.149e-05
1.14827e-05
1.14753e-05
1.14679e-05
1.14605e-05
1.14532e-05
1.14458e-05
1.14385e-05
1.14311e-05
1.14238e-05
1.14164e-05
1.14091e-05
1.14018e-05
1.13945e-05
1.13871e-05
1.13798e-05
1.13725e-05
1.13652e-05
1.13579e-05
1.13506e-05
1.13433e-05
1.1336e-05
1.13288e-05
1.13215e-05
1.13142e-05
1.13069e-05
1.12997e-05
1.12924e-05
1.12852e-05
1.12779e-05
1.12707e-05
1.12634e-05
1.12562e-05
1.1249e-05
1.12418e-05
1.12345e-05
1.12273e-05
1.12201e-05
1.12129e-05
1.12057e-05
1.11985e-05
1.11913e-05
1.11841e-05
1.1177e-05
1.11698e-05
1.11626e-05
1.11554e-05
1.11483e-05
1.11411e-05
1.1134e-05
1.11268e-05
1.11197e-05
1.11125e-05
1.11054e-05
1.10983e-05
1.10911e-05
1.1084e-05
1.10769e-05
1.10698e-05
1.10627e-05
1.10556e-05
1.10485e-05
1.10414e-05
1.10343e-05
1.10272e-05
1.10202e-05
1.10131e-05
1.1006e-05
1.09989e-05
1.09919e-05
1.09848e-05
1.09778e-05
1.09707e-05
1.09637e-05
1.09567e-05
1.09496e-05
1.09426e-05
1.09356e-05
1.09285e-05
1.09215e-05
1.09145e-05
1.09075e-05
1.09005e-05
1.08935e-05
1.08865e-05
1.08795e-05
1.08726e-05
1.08656e-05
1.08586e-05
1.08516e-05
1.08447e-05
1.08377e-05
1.08308e-05
1.08238e-05
1.08169e-05
1.08099e-05
1.0803e-05
1.07961e-05
1.07891e-05
1.07822e-05
1.07753e-05
1.07684e-05
1.07615e-05
1.07546e-05
1.07477e-05
1.07408e-05
1.07339e-05
1.07271e-05
1.07202e-05
1.07133e-05
1.07065e-05
1.06996e-05
1.06928e-05
1.06859e-05
1.06791e-05
1.06723e-05
1.06654e-05
1.06586e-05
1.06518e-05
1.0645e-05
1.06382e-05
1.06314e-05
1.06246e-05
1.06178e-05
1.0611e-05
1.06042e-05
1.05974e-05
1.05906e-05
1.05838e-05
1.05771e-05
1.05703e-05
1.05635e-05
1.05568e-05
1.055e-05
1.05433e-05
1.05365e-05
1.05298e-05
1.0523e-05
1.05163e-05
1.05096e-05
1.05029e-05
1.04961e-05
1.04894e-05
1.04827e-05
1.0476e-05
1.04693e-05
1.04626e-05
1.04559e-05
1.04492e-05
1.04425e-05
1.04359e-05
1.04292e-05
1.04225e-05
1.04158e-05
1.04092e-05
1.04025e-05
1.03959e-05
1.03892e-05
1.03826e-05
1.03759e-05
1.03693e-05
1.03627e-05
1.0356e-05
1.03494e-05
1.03428e-05
1.03362e-05
1.03296e-05
1.0323e-05
1.03164e-05
1.03098e-05
1.03032e-05
1.02966e-05
1.029e-05
1.02834e-05
1.02768e-05
1.02703e-05
1.02637e-05
1.02571e-05
1.02506e-05
1.0244e-05
1.02375e-05
1.02309e-05
1.02244e-05
1.02178e-05
1.02113e-05
1.02048e-05
1.01982e-05
1.01917e-05
1.01852e-05
1.01787e-05
1.01722e-05
1.01657e-05
1.01592e-05
1.01527e-05
1.01462e-05
1.01397e-05
1.01332e-05
1.01267e-05
1.01202e-05
1.01138e-05
1.01073e-05
1.01008e-05
1.00944e-05
1.00879e-05
1.00815e-05
1.0075e-05
1.00686e-05
1.00622e-05
1.00557e-05
1.00493e-05
1.00429e-05
1.00365e-05
1.003e-05
1.00236e-05
1.00172e-05
1.00108e-05
1.00044e-05
9.99801e-06
