0.248634
0.163348
0.10678
0.0694172
0.0579734
0.0474885
0.0409947
0.0370339
0.0329763
0.0289465
0.0276209
0.0256855
0.0237774
0.0218917
0.0208734
0.0196728
0.0186359
0.0176667
0.0168625
0.0160931
0.0152383
0.0146157
0.0141389
0.0136345
0.013068
0.01246
0.0121495
0.0118164
0.0114355
0.011019
0.0106151
0.0103972
0.0101412
0.00985503
0.00954541
0.009244
0.00907489
0.0088801
0.00866686
0.00845716
0.00822867
0.00804191
0.00789415
0.00773072
0.00758324
0.00742734
0.00725778
0.00709824
0.00697428
0.00683985
0.0067332
0.00661711
0.00649052
0.00635498
0.00624193
0.00613196
0.00604376
0.00595749
0.00586283
0.00576085
0.00565251
0.00555602
0.00546912
0.00540545
0.00533493
0.00525829
0.00517621
0.00508937
0.00499973
0.00493314
0.0048811
0.0048239
0.00476202
0.00469594
0.00462612
0.00455299
0.00448418
0.00444205
0.00439587
0.00434601
0.00429279
0.00423655
0.0041776
0.00411623
0.00406811
0.00403101
0.00399094
0.00394812
0.0039028
0.00385521
0.00380557
0.00375408
0.00371527
0.00368318
0.00364882
0.00361234
0.00357394
0.00353377
0.00349199
0.00344876
0.00341666
0.00338548
0.00335621
0.00332529
0.00329283
0.00325896
0.00322379
0.00318881
0.00315998
0.00313008
0.00310306
0.00307692
0.00304953
0.00302098
0.00299136
0.00296215
0.0029364
0.00290979
0.0028824
0.00285963
0.00283655
0.00281249
0.00278754
0.00276313
0.0027402
0.00271657
0.00269231
0.00266765
0.00264822
0.00262797
0.00260695
0.00258717
0.00256677
0.00254581
0.00252432
0.00250233
0.00248172
0.00246522
0.00244814
0.00243053
0.00241241
0.00239381
0.00237476
0.00235529
0.00233583
0.00232109
0.00230588
0.0022902
0.0022741
0.00225758
0.00224069
0.00222343
0.00220584
0.00219123
0.00217767
0.00216372
0.0021494
0.00213473
0.00211973
0.00210442
0.00208881
0.00207358
0.0020615
0.00204909
0.00203635
0.00202331
0.00200997
0.00199636
0.0019825
0.00196839
0.0019557
0.00194465
0.00193331
0.0019217
0.00190983
0.00189773
0.00188539
0.00187284
0.00186008
0.00184904
0.00183894
0.0018286
0.00181803
0.00180725
0.00179626
0.00178507
0.0017737
0.00176215
0.00175214
0.00174292
0.0017335
0.00172388
0.00171407
0.0017041
0.00169395
0.00168364
0.00167318
0.00166376
0.00165535
0.00164676
0.00163801
0.00162909
0.00162002
0.00161081
0.00160146
0.00159197
0.00158284
0.00157517
0.00156734
0.00155937
0.00155126
0.00154301
0.00153464
0.00152614
0.00151753
0.0015088
0.00150149
0.00149435
0.00148708
0.00147969
0.00147219
0.00146457
0.00145684
0.00144901
0.00144108
0.00143354
0.00142703
0.0014204
0.00141366
0.00140682
0.00139988
0.00139284
0.00138571
0.00137849
0.00137118
0.00136474
0.00135869
0.00135254
0.00134629
0.00133996
0.00133354
0.00132703
0.00132045
0.00131379
0.00130706
0.00130139
0.00129577
0.00129007
0.00128428
0.00127842
0.00127247
0.00126646
0.00126038
0.00125423
0.00124806
0.00124291
0.00123769
0.0012324
0.00122703
0.0012216
0.0012161
0.00121054
0.00120491
0.00119923
0.00119356
0.00118877
0.00118392
0.00117901
0.00117403
0.00116899
0.0011639
0.00115874
0.00115354
0.00114828
0.00114298
0.00113853
0.00113402
0.00112945
0.00112483
0.00112015
0.00111542
0.00111065
0.00110582
0.00110095
0.00109604
0.00109177
0.00108758
0.00108333
0.00107903
0.00107469
0.0010703
0.00106587
0.00106139
0.00105687
0.00105231
0.00104817
0.00104426
0.00104031
0.00103631
0.00103227
0.00102818
0.00102406
0.0010199
0.00101571
0.00101147
0.00100741
0.00100377
0.00100008
0.000996353
0.000992589
0.000988789
0.000984952
0.000981081
0.000977176
0.000973239
0.000969271
0.000965828
0.000962387
0.00095891
0.0009554
0.000951855
0.000948279
0.000944671
0.000941033
0.000937365
0.000933669
0.000930214
0.000926998
0.00092375
0.00092047
0.00091716
0.000913821
0.000910453
0.000907058
0.000903636
0.000900188
0.000896719
0.000893708
0.000890668
0.0008876
0.000884504
0.000881382
0.000878233
0.000875059
0.000871861
0.00086864
0.000865395
0.000862336
0.000859487
0.000856612
0.000853712
0.000850787
0.000847839
0.000844868
0.000841874
0.000838859
0.000835822
0.000832766
0.000830047
0.000827349
0.000824627
0.000821884
0.000819118
0.000816332
0.000813525
0.000810698
0.000807852
0.000804987
0.000802206
0.000799669
0.000797111
0.000794533
0.000791935
0.000789317
0.000786681
0.000784026
0.000781353
0.000778663
0.000775956
0.000773446
0.000771038
0.000768611
0.000766166
0.000763703
0.000761222
0.000758725
0.000756211
0.000753773
0.000751328
0.000748866
0.000746388
0.000744007
0.000741702
0.000739535
0.000737351
0.00073515
0.000732931
0.000730695
0.000728443
0.000726175
0.000723892
0.000721593
0.00071928
0.000716953
0.000714766
0.000712736
0.000710689
0.000708627
0.000706549
0.000704456
0.000702348
0.000700226
0.000698089
0.000695939
0.000693776
0.0006916
0.000689422
0.000687516
0.000685595
0.000683659
0.000681709
0.000679746
0.000677769
0.000675779
0.000673776
0.000671761
0.000669733
0.000667694
0.000665644
0.000663738
0.000661931
0.000660111
0.000658278
0.000656433
0.000654575
0.000652705
0.000650824
0.000648932
0.000647028
0.000645114
0.000643189
0.000641281
0.000639578
0.000637863
0.000636137
0.000634399
0.00063265
0.00063089
0.000629119
0.000627338
0.000625547
0.000623746
0.000621936
0.000620116
0.000618427
0.000616808
0.000615178
0.000613538
0.000611888
0.000610228
0.000608558
0.000606879
0.00060519
0.000603493
0.000601787
0.000600072
0.000598378
0.000596846
0.000595305
0.000593755
0.000592195
0.000590626
0.000589048
0.000587461
0.000585866
0.000584263
0.000582652
0.000581033
0.000579406
0.000577891
0.000576431
0.000574962
0.000573485
0.000571999
0.000570505
0.000569003
0.000567493
0.000565976
0.000564452
0.00056292
0.000561381
0.000559863
0.000558476
0.000557082
0.00055568
0.00055427
0.000552853
0.000551428
0.000549996
0.000548558
0.000547113
0.000545661
0.000544202
0.000542737
0.000541369
0.000540043
0.000538709
0.000537369
0.000536022
0.000534668
0.000533308
0.000531941
0.000530568
0.000529189
0.000527804
0.000526413
0.000525043
0.000523779
0.000522509
0.000521232
0.000519949
0.00051866
0.000517365
0.000516064
0.000514757
0.000513445
0.000512127
0.000510804
0.000509476
0.000508231
0.000507018
0.0005058
0.000504576
0.000503346
0.000502111
0.00050087
0.000499624
0.000498373
0.000497117
0.000495856
0.000494591
0.000493344
0.000492185
0.00049102
0.00048985
0.000488675
0.000487494
0.000486309
0.000485119
0.000483924
0.000482725
0.000481521
0.000480313
0.0004791
0.000477959
0.000476843
0.000475723
0.000474597
0.000473468
0.000472333
0.000471195
0.000470052
0.000468904
0.000467753
0.000466598
0.000465438
0.000464294
0.000463224
0.000462149
0.00046107
0.000459987
0.0004589
0.000457809
0.000456713
0.000455614
0.000454511
0.000453404
0.000452294
0.00045118
0.000450122
0.00044909
0.000448053
0.000447013
0.000445969
0.000444922
0.00044387
0.000442816
0.000441757
0.000440696
0.000439631
0.000438563
0.0004375
0.000436506
0.00043551
0.000434509
0.000433506
0.000432499
0.000431488
0.000430475
0.000429458
0.000428438
0.000427415
0.000426389
0.000425361
0.000424366
0.000423406
0.000422443
0.000421476
0.000420507
0.000419534
0.000418559
0.000417581
0.0004166
0.000415699
0.000414844
0.000413986
0.000413126
0.000412262
0.000411395
0.000410526
0.000409653
0.000408778
0.000407901
0.00040702
0.000406137
0.000405252
0.000404372
0.000403554
0.000402732
0.000401908
0.000401081
0.000400251
0.000399419
0.000398584
0.000397747
0.000396907
0.000396065
0.00039522
0.000394373
0.000393524
0.000392683
0.000391895
0.000391104
0.000390311
0.000389515
0.000388718
0.000387917
0.000387115
0.00038631
0.000385503
0.000384694
0.000383882
0.000383069
0.000382254
0.000381445
0.000380686
0.000379924
0.00037916
0.000378394
0.000377626
0.000376856
0.000376083
0.000375309
0.000374532
0.000373754
0.000372974
0.000372192
0.000371408
0.000370627
0.000369895
0.00036916
0.000368424
0.000367685
0.000366945
0.000366202
0.000365458
0.000364712
0.000363965
0.000363215
0.000362464
0.000361711
0.000360957
0.000360201
0.000359492
0.000358783
0.000358072
0.000357359
0.000356645
0.000355929
0.000355212
0.000354492
0.000353772
0.000353049
0.000352325
0.0003516
0.000350873
0.000350145
0.000349451
0.000348766
0.000348079
0.000347391
0.000346702
0.00034601
0.000345318
0.000344624
0.000343929
0.000343232
0.000342534
0.000341834
0.000341134
0.000340432
0.000339747
0.000339085
0.000338422
0.000337757
0.000337091
0.000336423
0.000335754
0.000335084
0.000334413
0.000333741
0.000333067
0.000332392
0.000331716
0.000331039
0.000330361
0.00032972
0.000329079
0.000328436
0.000327792
0.000327147
0.000326501
0.000325853
0.000325205
0.000324555
0.000323905
0.000323254
0.000322601
0.000321948
0.000321294
0.000320652
0.000320031
0.00031941
0.000318787
0.000318163
0.000317538
0.000316913
0.000316286
0.000315659
0.00031503
0.000314401
0.000313785
0.000313238
0.00031269
0.000312141
0.000311591
0.000311039
0.000310487
0.000309934
0.00030938
0.000308825
0.000308269
0.000307712
0.000307154
0.000306596
0.000306036
0.00030548
0.000304952
0.000304423
0.000303893
0.000303362
0.00030283
0.000302297
0.000301763
0.000301229
0.000300693
0.000300157
0.00029962
0.000299082
0.000298544
0.000298005
0.000297465
0.000296935
0.000296423
0.000295911
0.000295398
0.000294885
0.00029437
0.000293855
0.000293339
0.000292822
0.000292305
0.000291787
0.000291268
0.000290748
0.000290228
0.000289708
0.000289186
0.000288675
0.00028818
0.000287685
0.000287188
0.000286691
0.000286194
0.000285695
0.000285196
0.000284697
0.000284196
0.000283696
0.000283194
0.000282692
0.00028219
0.000281687
0.000281183
0.000280685
0.000280206
0.000279726
0.000279246
0.000278765
0.000278283
0.000277801
0.000277318
0.000276835
0.000276351
0.000275867
0.000275383
0.000274897
0.000274412
0.000273926
0.000273439
0.000272953
0.000272485
0.000272021
0.000271556
0.00027109
0.000270624
0.000270158
0.000269691
0.000269224
0.000268756
0.000268288
0.000267819
0.00026735
0.000266881
0.000266411
0.000265941
0.000265471
0.000265005
0.000264555
0.000264105
0.000263654
0.000263203
0.000262752
0.0002623
0.000261848
0.000261396
0.000260943
0.00026049
0.000260037
0.000259583
0.000259129
0.000258675
0.000258221
0.000257766
0.000257317
0.000256881
0.000256445
0.000256008
0.000255572
0.000255135
0.000254698
0.00025426
0.000253822
0.000253384
0.000252946
0.000252508
0.000252069
0.00025163
0.000251191
0.000250765
0.000250364
0.000249974
0.000249592
0.000249209
0.000248826
0.000248442
0.000248059
0.000247674
0.00024729
0.000246905
0.00024652
0.000246135
0.000245749
0.000245363
0.000244977
0.00024459
0.000244203
0.000243816
0.000243429
0.000243053
0.000242683
0.000242312
0.000241941
0.00024157
0.000241198
0.000240826
0.000240454
0.000240082
0.000239709
0.000239336
0.000238963
0.000238589
0.000238216
0.000237842
0.000237468
0.000237094
0.000236719
0.000236353
0.000235994
0.000235635
0.000235275
0.000234916
0.000234556
0.000234196
0.000233836
0.000233475
0.000233115
0.000232754
0.000232393
0.000232032
0.00023167
0.000231309
0.000230947
0.000230585
0.000230223
0.000229861
0.000229513
0.000229165
0.000228817
0.000228469
0.000228121
0.000227772
0.000227424
0.000227075
0.000226726
0.000226377
0.000226028
0.000225679
0.000225329
0.00022498
0.00022463
0.00022428
0.00022393
0.000223581
0.000223231
0.000222894
0.000222557
0.00022222
0.000221883
0.000221546
0.000221209
0.000220871
0.000220534
0.000220196
0.000219858
0.000219521
0.000219183
0.000218845
0.000218507
0.000218169
0.000217831
0.000217492
0.000217154
0.000216816
0.000216485
0.000216159
0.000215833
0.000215507
0.000215181
0.000214854
0.000214528
0.000214201
0.000213875
0.000213548
0.000213221
0.000212895
0.000212568
0.000212241
0.000211915
0.000211588
0.000211261
0.000210934
0.000210607
0.000210281
0.000209962
0.000209647
0.000209331
0.000209016
0.0002087
0.000208384
0.000208069
0.000207753
0.000207437
0.000207122
0.000206806
0.00020649
0.000206174
0.00020587
0.000205585
0.0002053
0.000205015
0.00020473
0.000204445
0.000204159
0.000203874
0.000203588
0.000203303
0.000203017
0.000202732
0.000202446
0.00020216
0.000201876
0.000201601
0.000201325
0.00020105
0.000200774
0.000200498
0.000200222
0.000199947
0.000199671
0.000199395
0.000199119
0.000198843
0.000198567
0.00019829
0.000198014
0.000197738
0.000197462
0.000197186
0.000196909
0.000196633
0.000196357
0.000196082
0.000195815
0.000195548
0.000195281
0.000195015
0.000194748
0.000194481
0.000194214
0.000193947
0.00019368
0.000193412
0.000193145
0.000192878
0.000192611
0.000192344
0.000192077
0.00019181
0.000191543
0.000191276
0.000191008
0.000190741
0.000190474
0.000190213
0.000189954
0.000189696
0.000189438
0.00018918
0.000188921
0.000188663
0.000188405
0.000188146
0.000187888
0.00018763
0.000187371
0.000187113
0.000186855
0.000186597
0.000186338
0.00018608
0.000185822
0.000185564
0.000185306
0.000185048
0.00018479
0.000184536
0.000184286
0.000184036
0.000183786
0.000183536
0.000183287
0.000183037
0.000182787
0.000182537
0.000182288
0.000182038
0.000181788
0.000181539
0.000181289
0.00018104
0.00018079
0.000180541
0.000180291
0.000180042
0.000179793
0.000179544
0.000179295
0.000179046
0.000178802
0.00017856
0.000178319
0.000178077
0.000177836
0.000177594
0.000177353
0.000177112
0.000176871
0.000176629
0.000176388
0.000176147
0.000175906
0.000175665
0.000175425
0.000175184
0.000174943
0.000174702
0.000174462
0.000174221
0.000173981
0.000173741
0.000173501
0.000173262
0.000173028
0.000172795
0.000172562
0.000172329
0.000172096
0.000171873
0.000171657
0.000171442
0.000171226
0.000171011
0.000170795
0.00017058
0.000170365
0.000170149
0.000169934
0.000169719
0.000169503
0.000169288
0.000169073
0.000168859
0.000168651
0.000168442
0.000168233
0.000168025
0.000167816
0.000167607
0.000167399
0.00016719
0.000166982
0.000166773
0.000166565
0.000166357
0.000166148
0.00016594
0.000165732
0.000165523
0.000165315
0.000165107
0.000164899
0.000164691
0.000164483
0.000164275
0.000164067
0.000163859
0.000163656
0.000163454
0.000163252
0.000163051
0.000162849
0.000162647
0.000162446
0.000162244
0.000162042
0.000161841
0.000161639
0.000161438
0.000161237
0.000161035
0.000160834
0.000160633
0.000160432
0.000160231
0.00016003
0.000159829
0.000159628
0.000159427
0.000159226
0.000159026
0.000158825
0.000158627
0.000158432
0.000158237
0.000158042
0.000157847
0.000157652
0.000157458
0.000157263
0.000157068
0.000156874
0.000156679
0.000156485
0.00015629
0.000156096
0.000155902
0.000155707
0.000155513
0.000155319
0.000155125
0.000154931
0.000154738
0.000154544
0.00015435
0.000154157
0.000153963
0.00015377
0.000153578
0.00015339
0.000153202
0.000153014
0.000152825
0.000152637
0.000152449
0.000152262
0.000152074
0.000151886
0.000151698
0.000151511
0.000151323
0.000151136
0.000150948
0.000150761
0.000150574
0.000150387
0.0001502
0.000150013
0.000149826
0.000149639
0.000149453
0.000149266
0.00014908
0.000148893
0.000148707
0.000148523
0.000148341
0.00014816
0.000147978
0.000147797
0.000147616
0.000147435
0.000147253
0.000147072
0.000146892
0.000146711
0.00014653
0.000146349
0.000146169
0.000145989
0.000145808
0.000145628
0.000145448
0.000145268
0.000145094
0.000144928
0.000144763
0.000144598
0.000144433
0.000144267
0.000144102
0.000143937
0.000143772
0.000143608
0.000143443
0.000143278
0.000143113
0.000142949
0.000142784
0.000142619
0.000142455
0.000142291
0.000142126
0.000141962
0.0001418
0.00014164
0.00014148
0.00014132
0.00014116
0.000141
0.00014084
0.00014068
0.000140521
0.000140361
0.000140202
0.000140042
0.000139883
0.000139723
0.000139564
0.000139405
0.000139246
0.000139086
0.000138927
0.000138768
0.00013861
0.000138451
0.000138292
0.000138133
0.000137975
0.000137816
0.000137658
0.000137499
0.000137341
0.000137186
0.000137031
0.000136877
0.000136722
0.000136568
0.000136414
0.00013626
0.000136106
0.000135952
0.000135798
0.000135644
0.00013549
0.000135336
0.000135183
0.000135029
0.000134876
0.000134722
0.000134569
0.000134416
0.000134262
0.000134109
0.000133956
0.000133803
0.00013365
0.000133498
0.000133345
0.000133192
0.00013304
0.000132887
0.000132735
0.000132586
0.000132437
0.000132288
0.00013214
0.000131991
0.000131842
0.000131694
0.000131546
0.000131397
0.000131249
0.000131101
0.000130953
0.000130805
0.000130657
0.000130509
0.000130361
0.000130214
0.000130066
0.000129918
0.000129771
0.000129624
0.000129476
0.000129329
0.000129182
0.000129035
0.000128888
0.000128741
0.000128595
0.000128448
0.000128302
0.000128155
0.000128012
0.000127869
0.000127725
0.000127582
0.000127439
0.000127296
0.000127154
0.000127011
0.000126868
0.000126726
0.000126583
0.000126441
0.000126299
0.000126156
0.000126014
0.000125872
0.00012573
0.000125589
0.000125447
0.000125305
0.000125164
0.000125022
0.000124881
0.000124739
0.000124598
0.000124457
0.000124316
0.000124175
0.000124034
0.000123893
0.000123753
0.000123612
0.00012348
0.000123352
0.000123224
0.000123095
0.000122967
0.000122839
0.000122711
0.000122582
0.000122454
0.000122326
0.000122198
0.000122071
0.000121943
0.000121815
0.000121687
0.00012156
0.000121432
0.000121305
0.000121177
0.00012105
0.000120923
0.000120795
0.000120668
0.000120541
0.000120414
0.000120287
0.00012016
0.000120033
0.000119907
0.00011978
0.000119653
0.000119527
0.0001194
0.000119276
0.000119152
0.000119028
0.000118905
0.000118781
0.000118658
0.000118534
0.000118411
0.000118288
0.000118164
0.000118041
0.000117918
0.000117795
0.000117672
0.000117549
0.000117427
0.000117304
0.000117181
0.000117059
0.000116936
0.000116814
0.000116691
0.000116569
0.000116447
0.000116324
0.000116202
0.00011608
0.000115958
0.000115836
0.000115715
0.000115593
0.000115471
0.00011535
0.000115228
0.000115109
0.00011499
0.000114871
0.000114752
0.000114633
0.000114514
0.000114396
0.000114277
0.000114158
0.00011404
0.000113922
0.000113803
0.000113685
0.000113567
0.000113449
0.000113331
0.000113213
0.000113095
0.000112977
0.00011286
0.000112742
0.000112624
0.000112507
0.000112389
0.000112272
0.000112155
0.000112038
0.00011192
0.000111803
0.000111686
0.00011157
0.000111453
0.000111336
0.000111219
0.000111103
0.000110987
0.000110873
0.000110759
0.000110645
0.000110531
0.000110417
0.000110303
0.000110189
0.000110075
0.000109961
0.000109848
0.000109734
0.000109621
0.000109507
0.000109394
0.000109281
0.000109168
0.000109055
0.000108942
0.000108829
0.000108716
0.000108603
0.00010849
0.000108378
0.000108265
0.000108153
0.00010804
0.000107928
0.000107816
0.000107704
0.000107592
0.00010748
0.000107368
0.000107256
0.000107144
0.000107033
0.000106921
0.000106811
0.000106701
0.000106592
0.000106482
0.000106373
0.000106264
0.000106155
0.000106046
0.000105937
0.000105833
0.00010573
0.000105628
0.000105525
0.000105422
0.000105319
0.000105217
0.000105114
0.000105012
0.000104909
0.000104807
0.000104705
0.000104602
0.0001045
0.000104398
0.000104296
0.000104194
0.000104094
0.000103994
0.000103894
0.000103794
0.000103694
0.000103594
0.000103494
0.000103395
0.000103295
0.000103195
0.000103096
0.000102996
0.000102897
0.000102798
0.000102698
0.000102599
0.0001025
0.000102401
0.000102302
0.000102203
0.000102104
0.000102005
0.000101906
0.000101808
0.000101709
0.00010161
0.000101512
0.000101413
0.000101315
0.000101217
0.000101118
0.00010102
0.000100922
0.000100824
0.000100726
0.000100628
0.00010053
0.000100432
0.000100335
0.000100239
0.000100143
0.000100047
9.99515e-05
9.98557e-05
9.976e-05
9.96643e-05
9.95687e-05
9.94732e-05
9.93777e-05
9.92823e-05
9.91869e-05
9.90916e-05
9.89964e-05
9.89012e-05
9.88061e-05
9.8711e-05
9.8616e-05
9.85211e-05
9.84262e-05
9.83314e-05
9.82367e-05
9.8142e-05
9.80474e-05
9.79528e-05
9.78584e-05
9.77639e-05
9.76696e-05
9.75753e-05
9.74811e-05
9.73869e-05
9.72928e-05
9.71988e-05
9.71048e-05
9.70109e-05
9.69171e-05
9.68233e-05
9.67296e-05
9.6636e-05
9.65432e-05
9.64513e-05
9.63593e-05
9.62675e-05
9.61757e-05
9.6084e-05
9.59923e-05
9.59007e-05
9.58091e-05
9.57176e-05
9.56262e-05
9.55349e-05
9.54436e-05
9.53523e-05
9.52612e-05
9.51701e-05
9.5079e-05
9.4988e-05
9.48971e-05
9.48063e-05
9.47155e-05
9.46248e-05
9.45341e-05
9.44435e-05
9.4353e-05
9.42625e-05
9.41721e-05
9.40818e-05
9.39916e-05
9.39014e-05
9.38112e-05
9.37212e-05
9.36311e-05
9.35412e-05
9.34513e-05
9.33615e-05
9.32718e-05
9.31821e-05
9.30925e-05
9.3003e-05
9.29135e-05
9.28241e-05
9.27356e-05
9.26477e-05
9.25599e-05
9.24721e-05
9.23844e-05
9.22968e-05
9.22092e-05
9.21217e-05
9.20342e-05
9.19468e-05
9.18595e-05
9.17722e-05
9.1685e-05
9.15979e-05
9.15108e-05
9.14238e-05
9.13369e-05
9.125e-05
9.11632e-05
9.10765e-05
9.09945e-05
9.09131e-05
9.08317e-05
9.07504e-05
9.06691e-05
9.05879e-05
9.05067e-05
9.04256e-05
9.03446e-05
9.02635e-05
9.01826e-05
9.01016e-05
9.00208e-05
8.994e-05
8.98592e-05
8.97785e-05
8.96978e-05
8.96172e-05
8.95367e-05
8.94562e-05
8.93757e-05
8.92953e-05
8.9215e-05
8.91347e-05
8.90544e-05
8.89742e-05
8.88941e-05
8.8814e-05
8.8734e-05
8.8654e-05
8.85741e-05
8.84942e-05
8.84144e-05
8.83346e-05
8.82549e-05
8.81752e-05
8.80956e-05
8.80161e-05
8.79366e-05
8.78572e-05
8.77782e-05
8.77001e-05
8.7622e-05
8.7544e-05
8.7466e-05
8.73881e-05
8.73102e-05
8.72324e-05
8.71546e-05
8.70769e-05
8.69993e-05
8.69216e-05
8.68441e-05
8.67666e-05
8.66891e-05
8.66117e-05
8.65344e-05
8.64571e-05
8.63798e-05
8.63026e-05
8.62255e-05
8.61484e-05
8.60714e-05
8.59944e-05
8.59174e-05
8.58406e-05
8.57637e-05
8.5687e-05
8.56102e-05
8.55336e-05
8.5457e-05
8.53804e-05
8.53039e-05
8.52274e-05
8.5151e-05
8.50747e-05
8.49984e-05
8.49222e-05
8.4846e-05
8.47699e-05
8.46938e-05
8.46178e-05
8.45418e-05
8.44659e-05
8.439e-05
8.43145e-05
8.42398e-05
8.41652e-05
8.40907e-05
8.40162e-05
8.39417e-05
8.38673e-05
8.3793e-05
8.37187e-05
8.36444e-05
8.35703e-05
8.34961e-05
8.3422e-05
8.3348e-05
8.3274e-05
8.32001e-05
8.31262e-05
8.30524e-05
8.29786e-05
8.29049e-05
8.28313e-05
8.27577e-05
8.26841e-05
8.26106e-05
8.25371e-05
8.24637e-05
8.23904e-05
8.23171e-05
8.22439e-05
8.21707e-05
8.20976e-05
8.20245e-05
8.19515e-05
8.18785e-05
8.18056e-05
8.17327e-05
8.16599e-05
8.15871e-05
8.15144e-05
8.14418e-05
8.13692e-05
8.12967e-05
8.12242e-05
8.11517e-05
8.10794e-05
8.1007e-05
8.09348e-05
8.08626e-05
8.07913e-05
8.07201e-05
8.06491e-05
8.0578e-05
8.05071e-05
8.04362e-05
8.03653e-05
8.02945e-05
8.02237e-05
8.0153e-05
8.00824e-05
8.00118e-05
7.99412e-05
7.98707e-05
7.98003e-05
7.97299e-05
7.96596e-05
7.95893e-05
7.9519e-05
7.94489e-05
7.93787e-05
7.93087e-05
7.92386e-05
7.91687e-05
7.90987e-05
7.90289e-05
7.89591e-05
7.88893e-05
7.88198e-05
7.87537e-05
7.86877e-05
7.86217e-05
7.85557e-05
7.84898e-05
7.84239e-05
7.83581e-05
7.82923e-05
7.82266e-05
7.81609e-05
7.80952e-05
7.80296e-05
7.79641e-05
7.78985e-05
7.78331e-05
7.77676e-05
7.77022e-05
7.76369e-05
7.75716e-05
7.75063e-05
7.74411e-05
7.7376e-05
7.73108e-05
7.72458e-05
7.71807e-05
7.71157e-05
7.70511e-05
7.69871e-05
7.69231e-05
7.68592e-05
7.67953e-05
7.67314e-05
7.66676e-05
7.66039e-05
7.65401e-05
7.64765e-05
7.64128e-05
7.63492e-05
7.62857e-05
7.62222e-05
7.61587e-05
7.60953e-05
7.60319e-05
7.59686e-05
7.59053e-05
7.58421e-05
7.57789e-05
7.57157e-05
7.56526e-05
7.55895e-05
7.55265e-05
7.54635e-05
7.54006e-05
7.53377e-05
7.52748e-05
7.5212e-05
7.51492e-05
7.50865e-05
7.50238e-05
7.49612e-05
7.48986e-05
7.4836e-05
7.47735e-05
7.47111e-05
7.46487e-05
7.45863e-05
7.4524e-05
7.44617e-05
7.43994e-05
7.43372e-05
7.42751e-05
7.4213e-05
7.41509e-05
7.40889e-05
7.40269e-05
7.3965e-05
7.39031e-05
7.38419e-05
7.37809e-05
7.37199e-05
7.3659e-05
7.35981e-05
7.35373e-05
7.34765e-05
7.34157e-05
7.3355e-05
7.32944e-05
7.32337e-05
7.31732e-05
7.31126e-05
7.30521e-05
7.29917e-05
7.29313e-05
7.28709e-05
7.28106e-05
7.27503e-05
7.26901e-05
7.26299e-05
7.25697e-05
7.25096e-05
7.24496e-05
7.23896e-05
7.23296e-05
7.22697e-05
7.22098e-05
7.21499e-05
7.20901e-05
7.20304e-05
7.19706e-05
7.1911e-05
7.18513e-05
7.17918e-05
7.17322e-05
7.16727e-05
7.16133e-05
7.15538e-05
7.14945e-05
7.14351e-05
7.13759e-05
7.13166e-05
7.12574e-05
7.11983e-05
7.11392e-05
7.10801e-05
7.10211e-05
7.09621e-05
7.09032e-05
7.08443e-05
7.07855e-05
7.07267e-05
7.06683e-05
7.06103e-05
7.05524e-05
7.04944e-05
7.04366e-05
7.03787e-05
7.0321e-05
7.02632e-05
7.02055e-05
7.01478e-05
7.00902e-05
7.00326e-05
6.99751e-05
6.99176e-05
6.98602e-05
6.98028e-05
6.97454e-05
6.96881e-05
6.96308e-05
6.95735e-05
6.95164e-05
6.94592e-05
6.94021e-05
6.9345e-05
6.9288e-05
6.9231e-05
6.91741e-05
6.91172e-05
6.90603e-05
6.90035e-05
6.89467e-05
6.889e-05
6.88333e-05
6.87767e-05
6.87201e-05
6.86635e-05
6.8607e-05
6.85505e-05
6.84941e-05
6.84377e-05
6.83813e-05
6.83271e-05
6.82733e-05
6.82196e-05
6.81659e-05
6.81122e-05
6.80585e-05
6.80049e-05
6.79514e-05
6.78978e-05
6.78449e-05
6.77921e-05
6.77393e-05
6.76866e-05
6.76339e-05
6.75812e-05
6.75286e-05
6.7476e-05
6.74235e-05
6.73709e-05
6.73184e-05
6.7266e-05
6.72136e-05
6.71612e-05
6.71088e-05
6.70565e-05
6.70042e-05
6.6952e-05
6.68998e-05
6.68476e-05
6.67955e-05
6.67434e-05
6.66913e-05
6.66393e-05
6.65873e-05
6.65353e-05
6.64834e-05
6.64315e-05
6.63797e-05
6.63278e-05
6.62761e-05
6.62243e-05
6.61726e-05
6.61209e-05
6.60693e-05
6.60177e-05
6.59661e-05
6.59146e-05
6.58631e-05
6.58116e-05
6.57602e-05
6.57088e-05
6.56575e-05
6.56062e-05
6.55549e-05
6.55036e-05
6.54524e-05
6.54012e-05
6.53501e-05
6.5299e-05
6.52479e-05
6.51969e-05
6.51459e-05
6.5095e-05
6.5044e-05
6.49931e-05
6.49426e-05
6.48924e-05
6.48422e-05
6.4792e-05
6.47419e-05
6.46918e-05
6.46417e-05
6.45917e-05
6.45417e-05
6.44918e-05
6.44418e-05
6.4392e-05
6.43421e-05
6.42923e-05
6.42425e-05
6.41928e-05
6.41431e-05
6.40934e-05
6.40437e-05
6.39941e-05
6.39446e-05
6.3895e-05
6.38455e-05
6.37961e-05
6.37466e-05
6.36972e-05
6.36479e-05
6.35986e-05
6.35493e-05
6.35e-05
6.34508e-05
6.34016e-05
6.33524e-05
6.33033e-05
6.32543e-05
6.32052e-05
6.31562e-05
6.31072e-05
6.30583e-05
6.30094e-05
6.29605e-05
6.29117e-05
6.28629e-05
6.28141e-05
6.27654e-05
6.27167e-05
6.2668e-05
6.26194e-05
6.25708e-05
6.25222e-05
6.24737e-05
6.24252e-05
6.23768e-05
6.23284e-05
6.228e-05
6.22316e-05
6.21833e-05
6.2135e-05
6.20868e-05
6.20387e-05
6.1991e-05
6.19434e-05
6.18959e-05
6.18483e-05
6.18008e-05
6.17533e-05
6.17059e-05
6.16585e-05
6.16111e-05
6.15638e-05
6.15165e-05
6.14692e-05
6.1422e-05
6.13748e-05
6.13276e-05
6.12804e-05
6.12333e-05
6.11863e-05
6.11392e-05
6.10922e-05
6.10453e-05
6.09984e-05
6.09515e-05
6.09046e-05
6.08578e-05
6.0811e-05
6.07642e-05
6.07175e-05
6.06708e-05
6.06241e-05
6.05775e-05
6.05309e-05
6.04844e-05
6.04378e-05
6.03913e-05
6.03449e-05
6.02985e-05
6.02521e-05
6.02057e-05
6.01594e-05
6.01131e-05
6.00669e-05
6.00207e-05
5.99745e-05
5.99283e-05
5.98822e-05
5.98361e-05
5.97901e-05
5.97441e-05
5.96981e-05
5.96522e-05
5.96062e-05
5.95604e-05
5.95162e-05
5.94726e-05
5.94291e-05
5.93856e-05
5.93421e-05
5.92986e-05
5.92552e-05
5.92118e-05
5.91684e-05
5.91251e-05
5.90818e-05
5.90385e-05
5.89953e-05
5.8952e-05
5.89088e-05
5.88657e-05
5.88225e-05
5.87794e-05
5.87363e-05
5.86933e-05
5.86503e-05
5.86073e-05
5.85643e-05
5.85214e-05
5.84785e-05
5.84356e-05
5.83927e-05
5.83499e-05
5.83071e-05
5.82644e-05
5.82216e-05
5.81789e-05
5.81362e-05
5.80936e-05
5.8051e-05
5.80084e-05
5.79658e-05
5.79233e-05
5.78808e-05
5.78383e-05
5.77959e-05
5.77535e-05
5.77111e-05
5.76687e-05
5.76264e-05
5.75841e-05
5.75418e-05
5.74996e-05
5.74574e-05
5.74152e-05
5.7373e-05
5.73309e-05
5.72892e-05
5.72476e-05
5.7206e-05
5.71644e-05
5.71229e-05
5.70814e-05
5.70399e-05
5.69984e-05
5.6957e-05
5.69156e-05
5.68742e-05
5.68328e-05
5.67915e-05
5.67502e-05
5.6709e-05
5.66677e-05
5.66265e-05
5.65853e-05
5.65442e-05
5.6503e-05
5.64619e-05
5.64209e-05
5.63798e-05
5.63388e-05
5.62978e-05
5.62569e-05
5.6216e-05
5.61751e-05
5.61342e-05
5.60933e-05
5.60525e-05
5.60117e-05
5.5971e-05
5.59303e-05
5.58895e-05
5.58489e-05
5.58082e-05
5.57676e-05
5.5727e-05
5.56865e-05
5.56459e-05
5.56054e-05
5.55649e-05
5.55245e-05
5.54841e-05
5.54437e-05
5.54033e-05
5.5363e-05
5.53227e-05
5.52824e-05
5.52421e-05
5.52019e-05
5.51617e-05
5.51216e-05
5.50814e-05
5.50413e-05
5.50012e-05
5.49612e-05
5.49211e-05
5.48811e-05
5.48412e-05
5.48012e-05
5.47613e-05
5.47214e-05
5.46816e-05
5.46418e-05
5.46023e-05
5.45629e-05
5.45236e-05
5.44843e-05
5.44449e-05
5.44057e-05
5.43664e-05
5.43272e-05
5.4288e-05
5.42488e-05
5.42097e-05
5.41706e-05
5.41315e-05
5.40925e-05
5.40534e-05
5.40144e-05
5.39755e-05
5.39365e-05
5.38976e-05
5.38587e-05
5.38198e-05
5.3781e-05
5.37422e-05
5.37034e-05
5.36646e-05
5.36259e-05
5.35872e-05
5.35485e-05
5.35099e-05
5.34713e-05
5.34327e-05
5.33941e-05
5.33556e-05
5.33171e-05
5.32786e-05
5.32401e-05
5.32017e-05
5.31633e-05
5.31249e-05
5.30866e-05
5.30482e-05
5.30099e-05
5.29717e-05
5.29334e-05
5.28952e-05
5.2857e-05
5.28189e-05
5.27808e-05
5.27427e-05
5.27046e-05
5.26665e-05
5.26285e-05
5.25905e-05
5.25525e-05
5.25146e-05
5.24767e-05
5.24388e-05
5.2401e-05
5.23631e-05
5.23253e-05
5.22875e-05
5.22498e-05
5.22121e-05
5.21744e-05
5.21367e-05
5.20991e-05
5.20615e-05
5.2025e-05
5.19891e-05
5.19532e-05
5.19173e-05
5.18814e-05
5.18456e-05
5.18097e-05
5.1774e-05
5.17382e-05
5.17024e-05
5.16667e-05
5.1631e-05
5.15953e-05
5.15597e-05
5.1524e-05
5.14884e-05
5.14528e-05
5.14173e-05
5.13817e-05
5.13462e-05
5.13107e-05
5.12752e-05
5.12398e-05
5.12044e-05
5.1169e-05
5.11336e-05
5.10982e-05
5.10629e-05
5.10276e-05
5.09923e-05
5.09571e-05
5.09218e-05
5.08866e-05
5.08514e-05
5.08163e-05
5.07811e-05
5.07461e-05
5.07113e-05
5.06766e-05
5.06419e-05
5.06072e-05
5.05725e-05
5.05379e-05
5.05032e-05
5.04686e-05
5.0434e-05
5.03995e-05
5.03649e-05
5.03304e-05
5.02959e-05
5.02614e-05
5.0227e-05
5.01926e-05
5.01582e-05
5.01238e-05
5.00894e-05
5.00551e-05
5.00208e-05
4.99865e-05
4.99522e-05
4.9918e-05
4.98838e-05
4.98496e-05
4.98154e-05
4.97812e-05
4.97471e-05
4.9713e-05
4.96789e-05
4.96449e-05
4.96108e-05
4.95768e-05
4.95428e-05
4.95088e-05
4.94749e-05
4.9441e-05
4.94071e-05
4.93732e-05
4.93393e-05
4.93055e-05
4.92717e-05
4.92379e-05
4.92041e-05
4.91704e-05
4.91367e-05
4.9103e-05
4.90693e-05
4.90356e-05
4.9002e-05
4.89684e-05
4.89348e-05
4.89012e-05
4.88677e-05
4.88342e-05
4.88007e-05
4.87672e-05
4.87338e-05
4.87003e-05
4.86669e-05
4.86336e-05
4.86002e-05
4.85669e-05
4.85335e-05
4.85003e-05
4.8467e-05
4.84337e-05
4.84005e-05
4.83673e-05
4.83341e-05
4.8301e-05
4.82679e-05
4.82351e-05
4.82023e-05
4.81695e-05
4.81368e-05
4.8104e-05
4.80713e-05
4.80386e-05
4.8006e-05
4.79733e-05
4.79407e-05
4.79081e-05
4.78755e-05
4.7843e-05
4.78104e-05
4.77779e-05
4.77454e-05
4.7713e-05
4.76805e-05
4.76481e-05
4.76157e-05
4.75833e-05
4.7551e-05
4.75186e-05
4.74863e-05
4.7454e-05
4.74218e-05
4.73895e-05
4.73573e-05
4.73251e-05
4.72929e-05
4.72607e-05
4.72286e-05
4.71965e-05
4.71644e-05
4.71323e-05
4.71003e-05
4.70682e-05
4.70362e-05
4.70042e-05
4.69723e-05
4.69403e-05
4.69084e-05
4.68765e-05
4.68446e-05
4.68128e-05
4.67809e-05
4.67491e-05
4.67173e-05
4.66856e-05
4.66538e-05
4.66221e-05
4.65904e-05
4.65587e-05
4.65271e-05
4.64954e-05
4.64638e-05
4.64322e-05
4.64006e-05
4.63691e-05
4.63376e-05
4.6306e-05
4.62746e-05
4.62431e-05
4.62117e-05
4.61802e-05
4.61488e-05
4.61175e-05
4.60861e-05
4.60548e-05
4.60235e-05
4.59922e-05
4.59609e-05
4.59297e-05
4.58984e-05
4.58672e-05
4.5836e-05
4.58049e-05
4.57739e-05
4.5743e-05
4.57122e-05
4.56814e-05
4.56506e-05
4.56198e-05
4.5589e-05
4.55583e-05
4.55276e-05
4.54972e-05
4.54675e-05
4.54378e-05
4.54081e-05
4.53784e-05
4.53487e-05
4.53191e-05
4.52894e-05
4.52598e-05
4.52302e-05
4.52007e-05
4.51711e-05
4.51416e-05
4.51121e-05
4.50826e-05
4.50533e-05
4.50241e-05
4.49949e-05
4.49657e-05
4.49366e-05
4.49074e-05
4.48783e-05
4.48492e-05
4.48201e-05
4.47911e-05
4.4762e-05
4.4733e-05
4.4704e-05
4.4675e-05
4.4646e-05
4.46171e-05
4.45881e-05
4.45592e-05
4.45303e-05
4.45015e-05
4.44726e-05
4.44438e-05
4.44149e-05
4.43861e-05
4.43573e-05
4.43286e-05
4.42998e-05
4.42711e-05
4.42424e-05
4.42137e-05
4.4185e-05
4.41564e-05
4.41277e-05
4.40991e-05
4.40705e-05
4.40419e-05
4.40134e-05
4.39848e-05
4.39563e-05
4.39278e-05
4.38993e-05
4.38708e-05
4.38423e-05
4.38139e-05
4.37855e-05
4.37571e-05
4.37287e-05
4.37003e-05
4.3672e-05
4.36437e-05
4.36154e-05
4.35871e-05
4.35588e-05
4.35306e-05
4.35023e-05
4.34741e-05
4.34459e-05
4.34177e-05
4.33896e-05
4.33614e-05
4.33333e-05
4.33052e-05
4.32771e-05
4.3249e-05
4.3221e-05
4.31929e-05
4.31649e-05
4.31369e-05
4.3109e-05
4.3081e-05
4.30531e-05
4.30251e-05
4.29972e-05
4.29693e-05
4.29415e-05
4.29136e-05
4.28858e-05
4.2858e-05
4.28302e-05
4.28024e-05
4.27746e-05
4.2747e-05
4.27195e-05
4.2692e-05
4.26646e-05
4.26371e-05
4.26097e-05
4.25823e-05
4.25549e-05
4.25275e-05
4.25001e-05
4.24728e-05
4.24454e-05
4.24181e-05
4.23908e-05
4.23636e-05
4.23363e-05
4.23091e-05
4.22818e-05
4.22546e-05
4.22275e-05
4.22003e-05
4.21731e-05
4.2146e-05
4.21189e-05
4.20918e-05
4.20647e-05
4.20376e-05
4.20106e-05
4.19836e-05
4.19565e-05
4.19296e-05
4.19026e-05
4.18756e-05
4.18487e-05
4.18218e-05
4.17949e-05
4.1768e-05
4.17411e-05
4.17142e-05
4.16874e-05
4.16606e-05
4.16338e-05
4.1607e-05
4.15802e-05
4.15535e-05
4.15268e-05
4.15001e-05
4.14734e-05
4.14467e-05
4.142e-05
4.13934e-05
4.13668e-05
4.13401e-05
4.13136e-05
4.1287e-05
4.12604e-05
4.12339e-05
4.12074e-05
4.11809e-05
4.11544e-05
4.11279e-05
4.11015e-05
4.1075e-05
4.10486e-05
4.10222e-05
4.09958e-05
4.09695e-05
4.09431e-05
4.09168e-05
4.08905e-05
4.08642e-05
4.08379e-05
4.08117e-05
4.07854e-05
4.07592e-05
4.0733e-05
4.07068e-05
4.06806e-05
4.06545e-05
4.06283e-05
4.06022e-05
4.05761e-05
4.055e-05
4.0524e-05
4.04979e-05
4.04719e-05
4.04459e-05
4.04201e-05
4.03943e-05
4.03685e-05
4.03427e-05
4.0317e-05
4.02913e-05
4.02656e-05
4.02399e-05
4.02142e-05
4.01886e-05
4.01629e-05
4.01373e-05
4.01117e-05
4.00861e-05
4.00605e-05
4.0035e-05
4.00094e-05
3.99839e-05
3.99584e-05
3.99329e-05
3.99075e-05
3.9882e-05
3.98566e-05
3.98319e-05
3.98074e-05
3.97829e-05
3.97584e-05
3.97339e-05
3.97094e-05
3.9685e-05
3.96605e-05
3.96361e-05
3.96117e-05
3.95873e-05
3.95629e-05
3.95385e-05
3.95142e-05
3.94898e-05
3.94655e-05
3.94412e-05
3.94169e-05
3.93926e-05
3.93683e-05
3.93441e-05
3.93199e-05
3.92956e-05
3.92714e-05
3.92472e-05
3.92231e-05
3.91989e-05
3.91748e-05
3.91506e-05
3.91265e-05
3.91024e-05
3.90783e-05
3.90542e-05
3.90302e-05
3.90061e-05
3.89821e-05
3.89581e-05
3.89341e-05
3.89101e-05
3.88862e-05
3.88622e-05
3.88383e-05
3.88143e-05
3.87904e-05
3.87665e-05
3.87427e-05
3.87188e-05
3.8695e-05
3.86711e-05
3.86473e-05
3.86235e-05
3.85997e-05
3.85759e-05
3.85522e-05
3.85284e-05
3.85047e-05
3.8481e-05
3.84573e-05
3.84336e-05
3.84099e-05
3.83863e-05
3.83626e-05
3.8339e-05
3.83154e-05
3.82918e-05
3.82682e-05
3.82446e-05
3.82211e-05
3.81975e-05
3.8174e-05
3.81505e-05
3.8127e-05
3.81035e-05
3.80801e-05
3.80566e-05
3.80332e-05
3.80098e-05
3.79864e-05
3.7963e-05
3.79397e-05
3.79165e-05
3.78933e-05
3.78702e-05
3.7847e-05
3.78239e-05
3.78007e-05
3.77776e-05
3.77545e-05
3.77315e-05
3.77084e-05
3.76853e-05
3.76623e-05
3.76393e-05
3.76163e-05
3.75933e-05
3.75703e-05
3.75473e-05
3.75243e-05
3.75014e-05
3.74785e-05
3.74556e-05
3.74327e-05
3.74098e-05
3.73869e-05
3.73641e-05
3.73412e-05
3.73184e-05
3.72956e-05
3.72728e-05
3.725e-05
3.72272e-05
3.72045e-05
3.71817e-05
3.7159e-05
3.71363e-05
3.71136e-05
3.70909e-05
3.70682e-05
3.70456e-05
3.70229e-05
3.70003e-05
3.69777e-05
3.69551e-05
3.69325e-05
3.691e-05
3.68874e-05
3.68649e-05
3.68423e-05
3.68198e-05
3.67973e-05
3.67748e-05
3.67524e-05
3.67299e-05
3.67074e-05
3.6685e-05
3.66626e-05
3.66402e-05
3.66178e-05
3.65954e-05
3.65731e-05
3.65507e-05
3.65284e-05
3.65061e-05
3.64838e-05
3.64615e-05
3.64392e-05
3.6417e-05
3.63947e-05
3.63725e-05
3.63503e-05
3.63281e-05
3.63059e-05
3.62837e-05
3.62615e-05
3.62394e-05
3.62172e-05
3.61951e-05
3.6173e-05
3.61509e-05
3.61288e-05
3.61068e-05
3.60847e-05
3.60627e-05
3.60407e-05
3.60187e-05
3.59967e-05
3.59747e-05
3.59527e-05
3.59308e-05
3.59088e-05
3.58869e-05
3.5865e-05
3.58431e-05
3.58212e-05
3.57993e-05
3.57775e-05
3.57558e-05
3.57341e-05
3.57124e-05
3.56907e-05
3.56691e-05
3.56475e-05
3.56258e-05
3.56042e-05
3.55826e-05
3.55611e-05
3.55395e-05
3.5518e-05
3.54964e-05
3.54749e-05
3.54534e-05
3.54319e-05
3.54104e-05
3.53889e-05
3.53675e-05
3.5346e-05
3.53246e-05
3.53032e-05
3.52818e-05
3.52604e-05
3.5239e-05
3.52177e-05
3.51963e-05
3.5175e-05
3.51537e-05
3.51324e-05
3.51111e-05
3.50898e-05
3.50685e-05
3.50473e-05
3.5026e-05
3.50048e-05
3.49836e-05
3.49624e-05
3.49417e-05
3.49211e-05
3.49006e-05
3.48801e-05
3.48596e-05
3.48391e-05
3.48187e-05
3.47982e-05
3.47778e-05
3.47573e-05
3.47369e-05
3.47165e-05
3.46961e-05
3.46757e-05
3.46554e-05
3.4635e-05
3.46147e-05
3.45943e-05
3.4574e-05
3.45537e-05
3.45334e-05
3.45131e-05
3.44928e-05
3.44726e-05
3.44523e-05
3.44321e-05
3.44118e-05
3.43916e-05
3.43714e-05
3.43512e-05
3.43311e-05
3.43109e-05
3.42907e-05
3.42706e-05
3.42505e-05
3.42303e-05
3.42102e-05
3.41901e-05
3.41701e-05
3.415e-05
3.41299e-05
3.41099e-05
3.40898e-05
3.40698e-05
3.40498e-05
3.40298e-05
3.40098e-05
3.39899e-05
3.39699e-05
3.39499e-05
3.393e-05
3.39101e-05
3.38902e-05
3.38703e-05
3.38504e-05
3.38305e-05
3.38106e-05
3.37908e-05
3.37709e-05
3.37511e-05
3.37313e-05
3.37115e-05
3.36918e-05
3.36721e-05
3.36525e-05
3.36328e-05
3.36132e-05
3.35936e-05
3.3574e-05
3.35544e-05
3.35348e-05
3.35152e-05
3.34957e-05
3.34761e-05
3.34566e-05
3.34371e-05
3.34176e-05
3.33981e-05
3.33786e-05
3.33591e-05
3.33397e-05
3.33202e-05
3.33008e-05
3.32813e-05
3.32619e-05
3.32425e-05
3.32231e-05
3.32037e-05
3.31844e-05
3.3165e-05
3.31457e-05
3.31263e-05
3.3107e-05
3.30877e-05
3.30684e-05
3.30491e-05
3.30298e-05
3.30105e-05
3.29913e-05
3.2972e-05
3.29528e-05
3.29336e-05
3.29144e-05
3.28952e-05
3.2876e-05
3.28568e-05
3.28377e-05
3.28185e-05
3.27994e-05
3.27802e-05
3.27611e-05
3.2742e-05
3.27229e-05
3.27038e-05
3.26848e-05
3.26657e-05
3.26466e-05
3.26276e-05
3.26086e-05
3.25896e-05
3.25706e-05
3.25516e-05
3.25326e-05
3.25136e-05
3.24947e-05
3.24757e-05
3.24568e-05
3.24379e-05
3.24189e-05
3.24e-05
3.23812e-05
3.23623e-05
3.23434e-05
3.23246e-05
3.23057e-05
3.22869e-05
3.22681e-05
3.22492e-05
3.22304e-05
3.22117e-05
3.21929e-05
3.21741e-05
3.21554e-05
3.21366e-05
3.21179e-05
3.20992e-05
3.20805e-05
3.20618e-05
3.20431e-05
3.20244e-05
3.20057e-05
3.19871e-05
3.19684e-05
3.19498e-05
3.19312e-05
3.19126e-05
3.1894e-05
3.18754e-05
3.18568e-05
3.18383e-05
3.18197e-05
3.18012e-05
3.17827e-05
3.17641e-05
3.17456e-05
3.17271e-05
3.17087e-05
3.16902e-05
3.16717e-05
3.16533e-05
3.16348e-05
3.16165e-05
3.15982e-05
3.15799e-05
3.15616e-05
3.15433e-05
3.1525e-05
3.15068e-05
3.14885e-05
3.14703e-05
3.14521e-05
3.14339e-05
3.14157e-05
3.13975e-05
3.13793e-05
3.13611e-05
3.1343e-05
3.13248e-05
3.13067e-05
3.12886e-05
3.12704e-05
3.12523e-05
3.12342e-05
3.12162e-05
3.11981e-05
3.118e-05
3.1162e-05
3.11439e-05
3.11259e-05
3.11079e-05
3.10899e-05
3.10719e-05
3.10539e-05
3.10359e-05
3.1018e-05
3.1e-05
3.09821e-05
3.09642e-05
3.09462e-05
3.09283e-05
3.09104e-05
3.08926e-05
3.08747e-05
3.08568e-05
3.0839e-05
3.08211e-05
3.08033e-05
3.07855e-05
3.07676e-05
3.07498e-05
3.07321e-05
3.07143e-05
3.06965e-05
3.06788e-05
3.0661e-05
3.06433e-05
3.06255e-05
3.06078e-05
3.05901e-05
3.05728e-05
3.05556e-05
3.05384e-05
3.05212e-05
3.0504e-05
3.04869e-05
3.04697e-05
3.04526e-05
3.04354e-05
3.04183e-05
3.04012e-05
3.03841e-05
3.0367e-05
3.03499e-05
3.03328e-05
3.03157e-05
3.02987e-05
3.02816e-05
3.02646e-05
3.02475e-05
3.02305e-05
3.02135e-05
3.01965e-05
3.01795e-05
3.01625e-05
3.01456e-05
3.01286e-05
3.01117e-05
3.00947e-05
3.00778e-05
3.00609e-05
3.00439e-05
3.0027e-05
3.00101e-05
2.99933e-05
2.99764e-05
2.99595e-05
2.99427e-05
2.99258e-05
2.9909e-05
2.98922e-05
2.98755e-05
2.98588e-05
2.9842e-05
2.98254e-05
2.98087e-05
2.9792e-05
2.97753e-05
2.97587e-05
2.9742e-05
2.97254e-05
2.97087e-05
2.96921e-05
2.96755e-05
2.96589e-05
2.96423e-05
2.96257e-05
2.96092e-05
2.95926e-05
2.9576e-05
2.95595e-05
2.9543e-05
2.95264e-05
2.95099e-05
2.94934e-05
2.94769e-05
2.94604e-05
2.94439e-05
2.94275e-05
2.9411e-05
2.93946e-05
2.93781e-05
2.93617e-05
2.93453e-05
2.93288e-05
2.93124e-05
2.9296e-05
2.92797e-05
2.92633e-05
2.92469e-05
2.92306e-05
2.92142e-05
2.91979e-05
2.91815e-05
2.91652e-05
2.91489e-05
2.91326e-05
2.91163e-05
2.91e-05
2.90838e-05
2.90675e-05
2.90512e-05
2.9035e-05
2.90188e-05
2.90025e-05
2.89863e-05
2.89701e-05
2.89539e-05
2.89377e-05
2.89215e-05
2.89054e-05
2.88892e-05
2.88731e-05
2.88569e-05
2.88408e-05
2.88247e-05
2.88085e-05
2.87924e-05
2.87763e-05
2.87603e-05
2.87442e-05
2.87281e-05
2.8712e-05
2.8696e-05
2.868e-05
2.86639e-05
2.86479e-05
2.86319e-05
2.86159e-05
2.85999e-05
2.85839e-05
2.85679e-05
2.8552e-05
2.8536e-05
2.852e-05
2.85041e-05
2.84882e-05
2.84723e-05
2.84563e-05
2.84404e-05
2.84245e-05
2.84087e-05
2.83928e-05
2.83769e-05
2.83611e-05
2.83452e-05
2.83294e-05
2.83135e-05
2.82977e-05
2.82819e-05
2.82661e-05
2.82503e-05
2.82345e-05
2.82187e-05
2.8203e-05
2.81872e-05
2.81715e-05
2.81557e-05
2.814e-05
2.81243e-05
2.81086e-05
2.80929e-05
2.80772e-05
2.80615e-05
2.80458e-05
2.80302e-05
2.80145e-05
2.79988e-05
2.79832e-05
2.79676e-05
2.7952e-05
2.79363e-05
2.79207e-05
2.79052e-05
2.78896e-05
2.7874e-05
2.78585e-05
2.7843e-05
2.78276e-05
2.78121e-05
2.77967e-05
2.77812e-05
2.77658e-05
2.77504e-05
2.77349e-05
2.77195e-05
2.77041e-05
2.76887e-05
2.76733e-05
2.7658e-05
2.76426e-05
2.76272e-05
2.76119e-05
2.75966e-05
2.75812e-05
2.75659e-05
2.75506e-05
2.75353e-05
2.752e-05
2.75047e-05
2.74894e-05
2.74742e-05
2.74589e-05
2.74437e-05
2.74284e-05
2.74132e-05
2.7398e-05
2.73827e-05
2.73675e-05
2.73523e-05
2.73371e-05
2.7322e-05
2.73068e-05
2.72916e-05
2.72765e-05
2.72613e-05
2.72462e-05
2.72311e-05
2.72159e-05
2.72008e-05
2.71857e-05
2.71706e-05
2.71555e-05
2.71405e-05
2.71254e-05
2.71103e-05
2.70953e-05
2.70802e-05
2.70652e-05
2.70502e-05
2.70352e-05
2.70202e-05
2.70052e-05
2.69902e-05
2.69752e-05
2.69602e-05
2.69453e-05
2.69303e-05
2.69154e-05
2.69004e-05
2.68855e-05
2.68706e-05
2.68557e-05
2.68408e-05
2.68259e-05
2.6811e-05
2.67961e-05
2.67812e-05
2.67664e-05
2.67515e-05
2.67367e-05
2.67218e-05
2.6707e-05
2.66922e-05
2.66774e-05
2.66626e-05
2.66478e-05
2.6633e-05
2.66183e-05
2.66039e-05
2.65895e-05
2.65751e-05
2.65607e-05
2.65463e-05
2.65319e-05
2.65176e-05
2.65032e-05
2.64889e-05
2.64745e-05
2.64602e-05
2.64458e-05
2.64315e-05
2.64172e-05
2.64029e-05
2.63887e-05
2.63745e-05
2.63603e-05
2.63461e-05
2.63319e-05
2.63177e-05
2.63035e-05
2.62893e-05
2.62751e-05
2.6261e-05
2.62468e-05
2.62327e-05
2.62185e-05
2.62044e-05
2.61903e-05
2.61762e-05
2.6162e-05
2.61479e-05
2.61338e-05
2.61198e-05
2.61057e-05
2.60916e-05
2.60775e-05
2.60635e-05
2.60494e-05
2.60354e-05
2.60214e-05
2.60073e-05
2.59933e-05
2.59793e-05
2.59653e-05
2.59513e-05
2.59373e-05
2.59234e-05
2.59094e-05
2.58954e-05
2.58815e-05
2.58675e-05
2.58536e-05
2.58397e-05
2.58257e-05
2.58118e-05
2.57979e-05
2.5784e-05
2.57701e-05
2.57562e-05
2.57423e-05
2.57285e-05
2.57146e-05
2.57007e-05
2.56869e-05
2.56731e-05
2.56592e-05
2.56454e-05
2.56316e-05
2.56178e-05
2.5604e-05
2.55902e-05
2.55764e-05
2.55626e-05
2.55488e-05
2.55351e-05
2.55213e-05
2.55076e-05
2.54938e-05
2.54801e-05
2.54664e-05
2.54526e-05
2.54389e-05
2.54252e-05
2.54115e-05
2.53978e-05
2.53841e-05
2.53705e-05
2.53568e-05
2.53431e-05
2.53295e-05
2.53158e-05
2.53022e-05
2.52886e-05
2.5275e-05
2.52613e-05
2.52477e-05
2.52341e-05
2.52205e-05
2.5207e-05
2.51934e-05
2.51798e-05
2.51663e-05
2.51527e-05
2.51392e-05
2.51256e-05
2.51121e-05
2.50986e-05
2.5085e-05
2.50715e-05
2.5058e-05
2.50445e-05
2.5031e-05
2.50176e-05
2.50041e-05
2.49906e-05
2.49772e-05
2.49637e-05
2.49503e-05
2.49368e-05
2.49234e-05
2.491e-05
2.48966e-05
2.48832e-05
2.48698e-05
2.48564e-05
2.4843e-05
2.48296e-05
2.48163e-05
2.48029e-05
2.47895e-05
2.47762e-05
2.47629e-05
2.47495e-05
2.47362e-05
2.47229e-05
2.47096e-05
2.46963e-05
2.4683e-05
2.46697e-05
2.46564e-05
2.46431e-05
2.46299e-05
2.46166e-05
2.46034e-05
2.45901e-05
2.45769e-05
2.45637e-05
2.45504e-05
2.45372e-05
2.4524e-05
2.45108e-05
2.44976e-05
2.44845e-05
2.44713e-05
2.44581e-05
2.44449e-05
2.44318e-05
2.44186e-05
2.44055e-05
2.43925e-05
2.43794e-05
2.43663e-05
2.43533e-05
2.43402e-05
2.43272e-05
2.43141e-05
2.43011e-05
2.42881e-05
2.42751e-05
2.42621e-05
2.42491e-05
2.42361e-05
2.42231e-05
2.42101e-05
2.41971e-05
2.41842e-05
2.41712e-05
2.41583e-05
2.41453e-05
2.41324e-05
2.41195e-05
2.41065e-05
2.40936e-05
2.40807e-05
2.40678e-05
2.40549e-05
2.40421e-05
2.40292e-05
2.40163e-05
2.40034e-05
2.39906e-05
2.39777e-05
2.39649e-05
2.39521e-05
2.39392e-05
2.39264e-05
2.39136e-05
2.39008e-05
2.3888e-05
2.38752e-05
2.38624e-05
2.38496e-05
2.38368e-05
2.38241e-05
2.38113e-05
2.37986e-05
2.37858e-05
2.37731e-05
2.37604e-05
2.37476e-05
2.37349e-05
2.37222e-05
2.37095e-05
2.36968e-05
2.36841e-05
2.36715e-05
2.36588e-05
2.36461e-05
2.36335e-05
2.36208e-05
2.36082e-05
2.35955e-05
2.35829e-05
2.35703e-05
2.35576e-05
2.3545e-05
2.35324e-05
2.35198e-05
2.35072e-05
2.34947e-05
2.34821e-05
2.34695e-05
2.3457e-05
2.34444e-05
2.34318e-05
2.34193e-05
2.34068e-05
2.33942e-05
2.33817e-05
2.33692e-05
2.33567e-05
2.33442e-05
2.33317e-05
2.33192e-05
2.33067e-05
2.32943e-05
2.32818e-05
2.32694e-05
2.32569e-05
2.32445e-05
2.3232e-05
2.32196e-05
2.32072e-05
2.31948e-05
2.31823e-05
2.31699e-05
2.31575e-05
2.31452e-05
2.31328e-05
2.31204e-05
2.3108e-05
2.30957e-05
2.30833e-05
2.3071e-05
2.30586e-05
2.30463e-05
2.3034e-05
2.30216e-05
2.30093e-05
2.2997e-05
2.29849e-05
2.29729e-05
2.29609e-05
2.29489e-05
2.29369e-05
2.29249e-05
2.2913e-05
2.2901e-05
2.28891e-05
2.28771e-05
2.28652e-05
2.28532e-05
2.28413e-05
2.28294e-05
2.28175e-05
2.28056e-05
2.27937e-05
2.27818e-05
2.27699e-05
2.2758e-05
2.27461e-05
2.27342e-05
2.27224e-05
2.27105e-05
2.26987e-05
2.26868e-05
2.2675e-05
2.26631e-05
2.26513e-05
2.26395e-05
2.26277e-05
2.26159e-05
2.26041e-05
2.25923e-05
2.25805e-05
2.25687e-05
2.25569e-05
2.25451e-05
2.25334e-05
2.25216e-05
2.25099e-05
2.24981e-05
2.24864e-05
2.24746e-05
2.24629e-05
2.24512e-05
2.24395e-05
2.24278e-05
2.24161e-05
2.24044e-05
2.23927e-05
2.2381e-05
2.23693e-05
2.23576e-05
2.2346e-05
2.23343e-05
2.23227e-05
2.2311e-05
2.22994e-05
2.22877e-05
2.22761e-05
2.22645e-05
2.22529e-05
2.22413e-05
2.22296e-05
2.2218e-05
2.22065e-05
2.21949e-05
2.21833e-05
2.21717e-05
2.21601e-05
2.21486e-05
2.2137e-05
2.21255e-05
2.21139e-05
2.21024e-05
2.20909e-05
2.20793e-05
2.20678e-05
2.20563e-05
2.20448e-05
2.20333e-05
2.20218e-05
2.20103e-05
2.19988e-05
2.19874e-05
2.19759e-05
2.19644e-05
2.1953e-05
2.19415e-05
2.19301e-05
2.19186e-05
2.19072e-05
2.18958e-05
2.18843e-05
2.18729e-05
2.18615e-05
2.18501e-05
2.18387e-05
2.18273e-05
2.18159e-05
2.18046e-05
2.17932e-05
2.17818e-05
2.17705e-05
2.17591e-05
2.17478e-05
2.17364e-05
2.17251e-05
2.17138e-05
2.17024e-05
2.16911e-05
2.16798e-05
2.16685e-05
2.16572e-05
2.16459e-05
2.16346e-05
2.16233e-05
2.1612e-05
2.16008e-05
2.15895e-05
2.15782e-05
2.1567e-05
2.15557e-05
2.15445e-05
2.15333e-05
2.1522e-05
2.15108e-05
2.14996e-05
2.14884e-05
2.14772e-05
2.1466e-05
2.14548e-05
2.14436e-05
2.14324e-05
2.14213e-05
2.14101e-05
2.13989e-05
2.13878e-05
2.13766e-05
2.13655e-05
2.13543e-05
2.13432e-05
2.13321e-05
2.13209e-05
2.13098e-05
2.12987e-05
2.12876e-05
2.12765e-05
2.12654e-05
2.12543e-05
2.12433e-05
2.12322e-05
2.12211e-05
2.12101e-05
2.1199e-05
2.11879e-05
2.11769e-05
2.11659e-05
2.11548e-05
2.11438e-05
2.11328e-05
2.11218e-05
2.11108e-05
2.10998e-05
2.10888e-05
2.10779e-05
2.10669e-05
2.1056e-05
2.10451e-05
2.10341e-05
2.10232e-05
2.10123e-05
2.10014e-05
2.09905e-05
2.09796e-05
2.09687e-05
2.09578e-05
2.09469e-05
2.0936e-05
2.09251e-05
2.09143e-05
2.09034e-05
2.08925e-05
2.08817e-05
2.08708e-05
2.086e-05
2.08492e-05
2.08383e-05
2.08275e-05
2.08167e-05
2.08059e-05
2.07951e-05
2.07843e-05
2.07735e-05
2.07627e-05
2.07519e-05
2.07412e-05
2.07304e-05
2.07196e-05
2.07089e-05
2.06981e-05
2.06874e-05
2.06766e-05
2.06659e-05
2.06552e-05
2.06444e-05
2.06337e-05
2.0623e-05
2.06123e-05
2.06016e-05
2.05909e-05
2.05802e-05
2.05695e-05
2.05588e-05
2.05482e-05
2.05375e-05
2.05268e-05
2.05162e-05
2.05055e-05
2.04949e-05
2.04842e-05
2.04736e-05
2.0463e-05
2.04524e-05
2.04417e-05
2.04311e-05
2.04205e-05
2.04099e-05
2.03993e-05
2.03887e-05
2.03782e-05
2.03676e-05
2.0357e-05
2.03464e-05
2.03359e-05
2.03253e-05
2.03148e-05
2.03042e-05
2.02937e-05
2.02832e-05
2.02726e-05
2.02621e-05
2.02516e-05
2.02411e-05
2.02306e-05
2.02201e-05
2.02096e-05
2.01991e-05
2.01886e-05
2.01782e-05
2.01677e-05
2.01572e-05
2.01468e-05
2.01363e-05
2.01259e-05
2.01154e-05
2.0105e-05
2.00945e-05
2.00841e-05
2.00737e-05
2.00633e-05
2.00529e-05
2.00425e-05
2.00321e-05
2.00217e-05
2.00113e-05
2.00009e-05
1.99905e-05
1.99802e-05
1.99698e-05
1.99594e-05
1.99491e-05
1.99387e-05
1.99284e-05
1.99181e-05
1.99077e-05
1.98974e-05
1.98871e-05
1.98768e-05
1.98664e-05
1.98561e-05
1.98458e-05
1.98355e-05
1.98253e-05
1.9815e-05
1.98047e-05
1.97944e-05
1.97842e-05
1.97739e-05
1.97636e-05
1.97534e-05
1.97432e-05
1.97329e-05
1.97227e-05
1.97125e-05
1.97022e-05
1.9692e-05
1.96818e-05
1.96716e-05
1.96614e-05
1.96512e-05
1.9641e-05
1.96308e-05
1.96206e-05
1.96105e-05
1.96003e-05
1.95901e-05
1.958e-05
1.957e-05
1.95601e-05
1.95501e-05
1.95402e-05
1.95303e-05
1.95203e-05
1.95104e-05
1.95005e-05
1.94906e-05
1.94807e-05
1.94708e-05
1.94609e-05
1.9451e-05
1.94411e-05
1.94313e-05
1.94214e-05
1.94115e-05
1.94017e-05
1.93918e-05
1.9382e-05
1.93721e-05
1.93623e-05
1.93524e-05
1.93426e-05
1.93328e-05
1.93229e-05
1.93131e-05
1.93033e-05
1.92935e-05
1.92837e-05
1.92739e-05
1.92641e-05
1.92543e-05
1.92446e-05
1.92348e-05
1.9225e-05
1.92152e-05
1.92055e-05
1.91957e-05
1.9186e-05
1.91762e-05
1.91665e-05
1.91567e-05
1.9147e-05
1.91373e-05
1.91276e-05
1.91178e-05
1.91081e-05
1.90984e-05
1.90887e-05
1.9079e-05
1.90693e-05
1.90596e-05
1.905e-05
1.90403e-05
1.90306e-05
1.9021e-05
1.90113e-05
1.90016e-05
1.8992e-05
1.89823e-05
1.89727e-05
1.89631e-05
1.89534e-05
1.89438e-05
1.89342e-05
1.89246e-05
1.89149e-05
1.89053e-05
1.88957e-05
1.88861e-05
1.88765e-05
1.8867e-05
1.88574e-05
1.88478e-05
1.88382e-05
1.88286e-05
1.88191e-05
1.88095e-05
1.88e-05
1.87904e-05
1.87809e-05
1.87713e-05
1.87618e-05
1.87523e-05
1.87428e-05
1.87332e-05
1.87237e-05
1.87142e-05
1.87047e-05
1.86952e-05
1.86857e-05
1.86762e-05
1.86667e-05
1.86573e-05
1.86478e-05
1.86383e-05
1.86288e-05
1.86194e-05
1.86099e-05
1.86005e-05
1.8591e-05
1.85816e-05
1.85722e-05
1.85627e-05
1.85533e-05
1.85439e-05
1.85345e-05
1.8525e-05
1.85156e-05
1.85062e-05
1.84968e-05
1.84874e-05
1.84781e-05
1.84687e-05
1.84593e-05
1.84499e-05
1.84405e-05
1.84312e-05
1.84218e-05
1.84125e-05
1.84031e-05
1.83938e-05
1.83844e-05
1.83751e-05
1.83658e-05
1.83564e-05
1.83471e-05
1.83378e-05
1.83285e-05
1.83192e-05
1.83099e-05
1.83006e-05
1.82913e-05
1.8282e-05
1.82727e-05
1.82635e-05
1.82542e-05
1.82449e-05
1.82357e-05
1.82264e-05
1.82171e-05
1.82079e-05
1.81986e-05
1.81894e-05
1.81802e-05
1.81709e-05
1.81617e-05
1.81525e-05
1.81433e-05
1.81341e-05
1.81249e-05
1.81157e-05
1.81065e-05
1.80973e-05
1.80881e-05
1.80789e-05
1.80697e-05
1.80606e-05
1.80514e-05
1.80422e-05
1.80331e-05
1.80239e-05
1.80148e-05
1.80056e-05
1.79965e-05
1.79873e-05
1.79782e-05
1.79691e-05
1.796e-05
1.79508e-05
1.79417e-05
1.79326e-05
1.79235e-05
1.79144e-05
1.79053e-05
1.78962e-05
1.78872e-05
1.78781e-05
1.7869e-05
1.78599e-05
1.78509e-05
1.78418e-05
1.78328e-05
1.78237e-05
1.78147e-05
1.78057e-05
1.77967e-05
1.77877e-05
1.77787e-05
1.77697e-05
1.77607e-05
1.77517e-05
1.77427e-05
1.77337e-05
1.77247e-05
1.77158e-05
1.77068e-05
1.76978e-05
1.76889e-05
1.76799e-05
1.7671e-05
1.7662e-05
1.76531e-05
1.76442e-05
1.76352e-05
1.76263e-05
1.76174e-05
1.76085e-05
1.75996e-05
1.75907e-05
1.75817e-05
1.75729e-05
1.7564e-05
1.75551e-05
1.75462e-05
1.75373e-05
1.75284e-05
1.75196e-05
1.75107e-05
1.75018e-05
1.7493e-05
1.74841e-05
1.74753e-05
1.74664e-05
1.74576e-05
1.74488e-05
1.74399e-05
1.74311e-05
1.74223e-05
1.74135e-05
1.74047e-05
1.73958e-05
1.7387e-05
1.73782e-05
1.73694e-05
1.73607e-05
1.73519e-05
1.73431e-05
1.73343e-05
1.73255e-05
1.73168e-05
1.7308e-05
1.72993e-05
1.72905e-05
1.72818e-05
1.7273e-05
1.72643e-05
1.72555e-05
1.72468e-05
1.72381e-05
1.72294e-05
1.72206e-05
1.72119e-05
1.72032e-05
1.71945e-05
1.71858e-05
1.71771e-05
1.71684e-05
1.71598e-05
1.71511e-05
1.71424e-05
1.71337e-05
1.71251e-05
1.71164e-05
1.71077e-05
1.70991e-05
1.70904e-05
1.70818e-05
1.70731e-05
1.70645e-05
1.70559e-05
1.70472e-05
1.70386e-05
1.703e-05
1.70214e-05
1.70128e-05
1.70042e-05
1.69956e-05
1.6987e-05
1.69784e-05
1.69698e-05
1.69612e-05
1.69526e-05
1.69441e-05
1.69355e-05
1.69269e-05
1.69184e-05
1.69098e-05
1.69013e-05
1.68927e-05
1.68842e-05
1.68756e-05
1.68671e-05
1.68586e-05
1.685e-05
1.68415e-05
1.6833e-05
1.68245e-05
1.6816e-05
1.68075e-05
1.6799e-05
1.67905e-05
1.6782e-05
1.67735e-05
1.6765e-05
1.67565e-05
1.67481e-05
1.67396e-05
1.67311e-05
1.67227e-05
1.67142e-05
1.67058e-05
1.66973e-05
1.66889e-05
1.66804e-05
1.6672e-05
1.66636e-05
1.66551e-05
1.66467e-05
1.66383e-05
1.66299e-05
1.66215e-05
1.66131e-05
1.66047e-05
1.65963e-05
1.65879e-05
1.65795e-05
1.65711e-05
1.65628e-05
1.65544e-05
1.6546e-05
1.65376e-05
1.65293e-05
1.65209e-05
1.65126e-05
1.65042e-05
1.64959e-05
1.64876e-05
1.64792e-05
1.64709e-05
1.64626e-05
1.64542e-05
1.64459e-05
1.64376e-05
1.64293e-05
1.6421e-05
1.64127e-05
1.64044e-05
1.63961e-05
1.63878e-05
1.63795e-05
1.63713e-05
1.6363e-05
1.63547e-05
1.63465e-05
1.63382e-05
1.63299e-05
1.63217e-05
1.63134e-05
1.63052e-05
1.62969e-05
1.62887e-05
1.62805e-05
1.62722e-05
1.6264e-05
1.62558e-05
1.62478e-05
1.62397e-05
1.62316e-05
1.62235e-05
1.62155e-05
1.62074e-05
1.61993e-05
1.61913e-05
1.61832e-05
1.61752e-05
1.61671e-05
1.61591e-05
1.61511e-05
1.6143e-05
1.6135e-05
1.6127e-05
1.6119e-05
1.6111e-05
1.61029e-05
1.60949e-05
1.60869e-05
1.60789e-05
1.60709e-05
1.6063e-05
1.6055e-05
1.6047e-05
1.6039e-05
1.6031e-05
1.60231e-05
1.60151e-05
1.60071e-05
1.59992e-05
1.59912e-05
1.59833e-05
1.59753e-05
1.59674e-05
1.59594e-05
1.59515e-05
1.59436e-05
1.59356e-05
1.59277e-05
1.59198e-05
1.59119e-05
1.5904e-05
1.58961e-05
1.58882e-05
1.58803e-05
1.58724e-05
1.58645e-05
1.58566e-05
1.58487e-05
1.58408e-05
1.58329e-05
1.58251e-05
1.58172e-05
1.58093e-05
1.58015e-05
1.57936e-05
1.57858e-05
1.57779e-05
1.57701e-05
1.57622e-05
1.57544e-05
1.57466e-05
1.57387e-05
1.57309e-05
1.57231e-05
1.57153e-05
1.57075e-05
1.56997e-05
1.56918e-05
1.5684e-05
1.56762e-05
1.56685e-05
1.56607e-05
1.56529e-05
1.56451e-05
1.56373e-05
1.56295e-05
1.56218e-05
1.5614e-05
1.56062e-05
1.55985e-05
1.55907e-05
1.5583e-05
1.55752e-05
1.55675e-05
1.55597e-05
1.5552e-05
1.55443e-05
1.55366e-05
1.55288e-05
1.55211e-05
1.55134e-05
1.55057e-05
1.5498e-05
1.54903e-05
1.54826e-05
1.54749e-05
1.54672e-05
1.54595e-05
1.54518e-05
1.54441e-05
1.54364e-05
1.54288e-05
1.54211e-05
1.54134e-05
1.54058e-05
1.53981e-05
1.53905e-05
1.53828e-05
1.53752e-05
1.53675e-05
1.53599e-05
1.53522e-05
1.53446e-05
1.5337e-05
1.53294e-05
1.53217e-05
1.53141e-05
1.53065e-05
1.52989e-05
1.52913e-05
1.52837e-05
1.52761e-05
1.52685e-05
1.52609e-05
1.52533e-05
1.52457e-05
1.52382e-05
1.52306e-05
1.5223e-05
1.52155e-05
1.52079e-05
1.52003e-05
1.51928e-05
1.51852e-05
1.51777e-05
1.51701e-05
1.51626e-05
1.51551e-05
1.51475e-05
1.514e-05
1.51325e-05
1.51249e-05
1.51174e-05
1.51099e-05
1.51024e-05
1.50949e-05
1.50874e-05
1.50799e-05
1.50724e-05
1.50649e-05
1.50574e-05
1.50499e-05
1.50425e-05
1.5035e-05
1.50275e-05
1.502e-05
1.50126e-05
1.50051e-05
1.49977e-05
1.49902e-05
1.49828e-05
1.49753e-05
1.49679e-05
1.49604e-05
1.4953e-05
1.49456e-05
1.49381e-05
1.49307e-05
1.49233e-05
1.49159e-05
1.49085e-05
1.49011e-05
1.48936e-05
1.48862e-05
1.48788e-05
1.48715e-05
1.48641e-05
1.48567e-05
1.48493e-05
1.48419e-05
1.48345e-05
1.48272e-05
1.48198e-05
1.48124e-05
1.48051e-05
1.47977e-05
1.47904e-05
1.4783e-05
1.47757e-05
1.47683e-05
1.4761e-05
1.47536e-05
1.47463e-05
1.4739e-05
1.47317e-05
1.47243e-05
1.4717e-05
1.47097e-05
1.47024e-05
1.46951e-05
1.46878e-05
1.46805e-05
1.46732e-05
1.46659e-05
1.46586e-05
1.46513e-05
1.46441e-05
1.46368e-05
1.46295e-05
1.46222e-05
1.4615e-05
1.46077e-05
1.46005e-05
1.45932e-05
1.4586e-05
1.45787e-05
1.45715e-05
1.45642e-05
1.4557e-05
1.45498e-05
1.45425e-05
1.45353e-05
1.45281e-05
1.45209e-05
1.45136e-05
1.45064e-05
1.44992e-05
1.4492e-05
1.44848e-05
1.44776e-05
1.44704e-05
1.44632e-05
1.44561e-05
1.44489e-05
1.44417e-05
1.44345e-05
1.44274e-05
1.44202e-05
1.4413e-05
1.44059e-05
1.43987e-05
1.43916e-05
1.43844e-05
1.43773e-05
1.43701e-05
1.4363e-05
1.43559e-05
1.43487e-05
1.43416e-05
1.43345e-05
1.43274e-05
1.43203e-05
1.43132e-05
1.43061e-05
1.4299e-05
1.42919e-05
1.42848e-05
1.42778e-05
1.42707e-05
1.42636e-05
1.42565e-05
1.42495e-05
1.42424e-05
1.42353e-05
1.42283e-05
1.42212e-05
1.42142e-05
1.42071e-05
1.42001e-05
1.4193e-05
1.4186e-05
1.4179e-05
1.41719e-05
1.41649e-05
1.41579e-05
1.41509e-05
1.41439e-05
1.41368e-05
1.41298e-05
1.41228e-05
1.41158e-05
1.41088e-05
1.41018e-05
1.40948e-05
1.40879e-05
1.40809e-05
1.40739e-05
1.40669e-05
1.40599e-05
1.4053e-05
1.4046e-05
1.4039e-05
1.40321e-05
1.40251e-05
1.40182e-05
1.40112e-05
1.40043e-05
1.39973e-05
1.39904e-05
1.39835e-05
1.39765e-05
1.39696e-05
1.39627e-05
1.39557e-05
1.39488e-05
1.39419e-05
1.3935e-05
1.39281e-05
1.39212e-05
1.39143e-05
1.39074e-05
1.39005e-05
1.38936e-05
1.38867e-05
1.38798e-05
1.3873e-05
1.38661e-05
1.38592e-05
1.38523e-05
1.38455e-05
1.38386e-05
1.38317e-05
1.38249e-05
1.3818e-05
1.38112e-05
1.38043e-05
1.37975e-05
1.37907e-05
1.37838e-05
1.3777e-05
1.37702e-05
1.37633e-05
1.37565e-05
1.37497e-05
1.37429e-05
1.37361e-05
1.37293e-05
1.37225e-05
1.37157e-05
1.37089e-05
1.37021e-05
1.36953e-05
1.36885e-05
1.36817e-05
1.36749e-05
1.36682e-05
1.36614e-05
1.36546e-05
1.36478e-05
1.36411e-05
1.36343e-05
1.36276e-05
1.36208e-05
1.36141e-05
1.36073e-05
1.36006e-05
1.35938e-05
1.35871e-05
1.35804e-05
1.35736e-05
1.35669e-05
1.35602e-05
1.35535e-05
1.35467e-05
1.354e-05
1.35333e-05
1.35266e-05
1.35199e-05
1.35132e-05
1.35065e-05
1.34998e-05
1.34931e-05
1.34865e-05
1.34798e-05
1.34731e-05
1.34664e-05
1.34597e-05
1.34531e-05
1.34464e-05
1.34397e-05
1.34331e-05
1.34264e-05
1.34198e-05
1.34131e-05
1.34065e-05
1.33998e-05
1.33932e-05
1.33866e-05
1.33799e-05
1.33733e-05
1.33667e-05
1.33601e-05
1.33534e-05
1.33468e-05
1.33402e-05
1.33336e-05
1.3327e-05
1.33204e-05
1.33138e-05
1.33072e-05
1.33006e-05
1.3294e-05
1.32874e-05
1.32808e-05
1.32743e-05
1.32677e-05
1.32611e-05
1.32545e-05
1.3248e-05
1.32414e-05
1.32349e-05
1.32283e-05
1.32218e-05
1.32152e-05
1.32087e-05
1.32021e-05
1.31956e-05
1.3189e-05
1.31825e-05
1.3176e-05
1.31694e-05
1.31629e-05
1.31564e-05
1.31499e-05
1.31434e-05
1.31369e-05
1.31304e-05
1.31239e-05
1.31174e-05
1.31109e-05
1.31044e-05
1.30979e-05
1.30914e-05
1.30849e-05
1.30784e-05
1.30719e-05
1.30655e-05
1.3059e-05
1.30525e-05
1.30461e-05
1.30396e-05
1.30331e-05
1.30267e-05
1.30202e-05
1.30138e-05
1.30073e-05
1.30009e-05
1.29945e-05
1.2988e-05
1.29816e-05
1.29752e-05
1.29687e-05
1.29623e-05
1.29559e-05
1.29495e-05
1.29431e-05
1.29367e-05
1.29304e-05
1.2924e-05
1.29177e-05
1.29114e-05
1.29051e-05
1.28988e-05
1.28925e-05
1.28861e-05
1.28798e-05
1.28735e-05
1.28672e-05
1.2861e-05
1.28547e-05
1.28484e-05
1.28421e-05
1.28358e-05
1.28295e-05
1.28232e-05
1.2817e-05
1.28107e-05
1.28044e-05
1.27982e-05
1.27919e-05
1.27857e-05
1.27794e-05
1.27731e-05
1.27669e-05
1.27607e-05
1.27544e-05
1.27482e-05
1.27419e-05
1.27357e-05
1.27295e-05
1.27232e-05
1.2717e-05
1.27108e-05
1.27046e-05
1.26984e-05
1.26922e-05
1.26859e-05
1.26797e-05
1.26735e-05
1.26673e-05
1.26611e-05
1.26549e-05
1.26488e-05
1.26426e-05
1.26364e-05
1.26302e-05
1.2624e-05
1.26179e-05
1.26117e-05
1.26055e-05
1.25993e-05
1.25932e-05
1.2587e-05
1.25809e-05
1.25747e-05
1.25686e-05
1.25624e-05
1.25563e-05
1.25501e-05
1.2544e-05
1.25378e-05
1.25317e-05
1.25256e-05
1.25195e-05
1.25133e-05
1.25072e-05
1.25011e-05
1.2495e-05
1.24889e-05
1.24828e-05
1.24766e-05
1.24705e-05
1.24644e-05
1.24583e-05
1.24523e-05
1.24462e-05
1.24401e-05
1.2434e-05
1.24279e-05
1.24218e-05
1.24158e-05
1.24097e-05
1.24036e-05
1.23975e-05
1.23915e-05
1.23854e-05
1.23794e-05
1.23733e-05
1.23672e-05
1.23612e-05
1.23552e-05
1.23491e-05
1.23431e-05
1.2337e-05
1.2331e-05
1.2325e-05
1.23189e-05
1.23129e-05
1.23069e-05
1.23009e-05
1.22948e-05
1.22888e-05
1.22828e-05
1.22768e-05
1.22708e-05
1.22648e-05
1.22588e-05
1.22528e-05
1.22468e-05
1.22408e-05
1.22348e-05
1.22289e-05
1.22229e-05
1.22169e-05
1.22109e-05
1.22049e-05
1.2199e-05
1.2193e-05
1.2187e-05
1.21811e-05
1.21751e-05
1.21692e-05
1.21632e-05
1.21573e-05
1.21513e-05
1.21454e-05
1.21394e-05
1.21335e-05
1.21276e-05
1.21216e-05
1.21157e-05
1.21098e-05
1.21039e-05
1.20979e-05
1.2092e-05
1.20861e-05
1.20802e-05
1.20743e-05
1.20684e-05
1.20625e-05
1.20566e-05
1.20507e-05
1.20448e-05
1.20389e-05
1.2033e-05
1.20271e-05
1.20212e-05
1.20154e-05
1.20095e-05
1.20036e-05
1.19977e-05
1.19919e-05
1.1986e-05
1.19801e-05
1.19743e-05
1.19684e-05
1.19626e-05
1.19567e-05
1.19509e-05
1.1945e-05
1.19392e-05
1.19333e-05
1.19275e-05
1.19217e-05
1.19158e-05
1.191e-05
1.19042e-05
1.18984e-05
1.18926e-05
1.18867e-05
1.18809e-05
1.18751e-05
1.18693e-05
1.18635e-05
1.18577e-05
1.18519e-05
1.18461e-05
1.18403e-05
1.18345e-05
1.18287e-05
1.18229e-05
1.18172e-05
1.18114e-05
1.18056e-05
1.17998e-05
1.17941e-05
1.17883e-05
1.17825e-05
1.17768e-05
1.1771e-05
1.17653e-05
1.17595e-05
1.17537e-05
1.1748e-05
1.17423e-05
1.17365e-05
1.17308e-05
1.1725e-05
1.17193e-05
1.17136e-05
1.17078e-05
1.17021e-05
1.16964e-05
1.16907e-05
1.1685e-05
1.16792e-05
1.16735e-05
1.16678e-05
1.16621e-05
1.16564e-05
1.16507e-05
1.1645e-05
1.16393e-05
1.16336e-05
1.16279e-05
1.16223e-05
1.16166e-05
1.16109e-05
1.16052e-05
1.15995e-05
1.15939e-05
1.15882e-05
1.15825e-05
1.15769e-05
1.15712e-05
1.15656e-05
1.15599e-05
1.15542e-05
1.15486e-05
1.15429e-05
1.15373e-05
1.15317e-05
1.1526e-05
1.15204e-05
1.15148e-05
1.15091e-05
1.15035e-05
1.14979e-05
1.14922e-05
1.14866e-05
1.1481e-05
1.14754e-05
1.14698e-05
1.14642e-05
1.14586e-05
1.1453e-05
1.14474e-05
1.14418e-05
1.14362e-05
1.14306e-05
1.1425e-05
1.14194e-05
1.14138e-05
1.14082e-05
1.14027e-05
1.13971e-05
1.13915e-05
1.1386e-05
1.13804e-05
1.13748e-05
1.13693e-05
1.13637e-05
1.13581e-05
1.13526e-05
1.1347e-05
1.13415e-05
1.13359e-05
1.13304e-05
1.13249e-05
1.13193e-05
1.13138e-05
1.13083e-05
1.13027e-05
1.12972e-05
1.12917e-05
1.12862e-05
1.12806e-05
1.12751e-05
1.12696e-05
1.12641e-05
1.12586e-05
1.12531e-05
1.12476e-05
1.12421e-05
1.12366e-05
1.12311e-05
1.12256e-05
1.12201e-05
1.12146e-05
1.12092e-05
1.12037e-05
1.11982e-05
1.11927e-05
1.11873e-05
1.11818e-05
1.11763e-05
1.11709e-05
1.11654e-05
1.11599e-05
1.11545e-05
1.1149e-05
1.11436e-05
1.11381e-05
1.11327e-05
1.11272e-05
1.11218e-05
1.11164e-05
1.11109e-05
1.11055e-05
1.11001e-05
1.10947e-05
1.10892e-05
1.10838e-05
1.10784e-05
1.1073e-05
1.10676e-05
1.10622e-05
1.10567e-05
1.10513e-05
1.10459e-05
1.10405e-05
1.10351e-05
1.10297e-05
1.10244e-05
1.1019e-05
1.10136e-05
1.10082e-05
1.10028e-05
1.09974e-05
1.09921e-05
1.09867e-05
1.09813e-05
1.0976e-05
1.09706e-05
1.09652e-05
1.09599e-05
1.09545e-05
1.09492e-05
1.09438e-05
1.09385e-05
1.09331e-05
1.09278e-05
1.09224e-05
1.09171e-05
1.09117e-05
1.09064e-05
1.09011e-05
1.08958e-05
1.08904e-05
1.08851e-05
1.08798e-05
1.08745e-05
1.08692e-05
1.08638e-05
1.08585e-05
1.08532e-05
1.08479e-05
1.08426e-05
1.08373e-05
1.0832e-05
1.08267e-05
1.08214e-05
1.08162e-05
1.08109e-05
1.08056e-05
1.08003e-05
1.0795e-05
1.07897e-05
1.07845e-05
1.07792e-05
1.07739e-05
1.07687e-05
1.07634e-05
1.07582e-05
1.07529e-05
1.07476e-05
1.07424e-05
1.07371e-05
1.07319e-05
1.07266e-05
1.07214e-05
1.07162e-05
1.07109e-05
1.07057e-05
1.07005e-05
1.06952e-05
1.069e-05
1.06848e-05
1.06796e-05
1.06743e-05
1.06691e-05
1.06639e-05
1.06587e-05
1.06535e-05
1.06483e-05
1.06431e-05
1.06379e-05
1.06327e-05
1.06275e-05
1.06223e-05
1.06171e-05
1.06119e-05
1.06067e-05
1.06016e-05
1.05964e-05
1.05912e-05
1.0586e-05
1.05808e-05
1.05757e-05
1.05705e-05
1.05653e-05
1.05602e-05
1.0555e-05
1.05499e-05
1.05447e-05
1.05396e-05
1.05344e-05
1.05293e-05
1.05241e-05
1.0519e-05
1.05138e-05
1.05087e-05
1.05036e-05
1.04984e-05
1.04933e-05
1.04882e-05
1.04831e-05
1.04779e-05
1.04728e-05
1.04677e-05
1.04626e-05
1.04575e-05
1.04524e-05
1.04473e-05
1.04422e-05
1.04371e-05
1.0432e-05
1.04269e-05
1.04218e-05
1.04167e-05
1.04116e-05
1.04065e-05
1.04014e-05
1.03963e-05
1.03913e-05
1.03862e-05
1.03811e-05
1.0376e-05
1.0371e-05
1.03659e-05
1.03608e-05
1.03558e-05
1.03507e-05
1.03457e-05
1.03406e-05
1.03356e-05
1.03305e-05
1.03255e-05
1.03204e-05
1.03154e-05
1.03103e-05
1.03053e-05
1.03003e-05
1.02952e-05
1.02902e-05
1.02852e-05
1.02802e-05
1.02751e-05
1.02701e-05
1.02651e-05
1.02601e-05
1.02551e-05
1.02501e-05
1.02451e-05
1.02401e-05
1.02351e-05
1.02301e-05
1.02251e-05
1.02201e-05
1.02151e-05
1.02101e-05
1.02051e-05
1.02002e-05
1.01952e-05
1.01902e-05
1.01852e-05
1.01803e-05
1.01753e-05
1.01703e-05
1.01654e-05
1.01604e-05
1.01555e-05
1.01505e-05
1.01455e-05
1.01406e-05
1.01357e-05
1.01307e-05
1.01258e-05
1.01208e-05
1.01159e-05
1.01109e-05
1.0106e-05
1.01011e-05
1.00962e-05
1.00912e-05
1.00863e-05
1.00814e-05
1.00765e-05
1.00715e-05
1.00666e-05
1.00617e-05
1.00568e-05
1.00519e-05
1.0047e-05
1.00421e-05
1.00372e-05
1.00323e-05
1.00274e-05
1.00225e-05
1.00176e-05
1.00127e-05
1.00079e-05
1.0003e-05
9.99809e-06
