0.248295
0.161928
0.103586
0.0692311
0.057034
0.0480967
0.0405047
0.0376834
0.0338671
0.0299645
0.0285417
0.026806
0.0248044
0.0231625
0.0219999
0.0209299
0.0198285
0.0190321
0.018082
0.0172179
0.0164421
0.0159943
0.0155072
0.0149273
0.0142831
0.0136619
0.0133851
0.0130855
0.0127225
0.0123105
0.011946
0.011593
0.0112873
0.0110606
0.0107956
0.0104993
0.0102757
0.0100535
0.0098034
0.00957187
0.00937851
0.00916313
0.00897772
0.00884011
0.00868006
0.00850065
0.00830476
0.00812752
0.00795589
0.00784372
0.00774483
0.00762975
0.00750036
0.00735843
0.00720986
0.00709457
0.00696794
0.00687508
0.00679301
0.00669991
0.0065969
0.00648509
0.00637813
0.00629582
0.00620475
0.0061058
0.00603831
0.00596404
0.0058825
0.0057944
0.00570199
0.00564374
0.00557853
0.00550694
0.00542955
0.00536598
0.00530163
0.0052322
0.00515812
0.00509671
0.00505068
0.00499942
0.00494331
0.00488274
0.00481808
0.00476327
0.00470483
0.00464295
0.00459635
0.0045604
0.00452038
0.00447656
0.00442919
0.00437855
0.00432487
0.00427142
0.00423148
0.00418839
0.00414688
0.00411589
0.00408184
0.00404492
0.00400531
0.00396319
0.00391873
0.00387427
0.00384332
0.00380983
0.00377398
0.00374216
0.00371355
0.0036827
0.00364974
0.0036148
0.003578
0.00353948
0.00351169
0.00348579
0.00345794
0.00342824
0.00339974
0.0033741
0.00334676
0.00331783
0.00328739
0.00325553
0.00322401
0.00320414
0.00318264
0.00315959
0.00313507
0.00310915
0.003085
0.00306107
0.0030359
0.00300955
0.00298208
0.00295622
0.00293978
0.00292204
0.00290303
0.00288283
0.00286149
0.00283907
0.00281562
0.00279372
0.00277098
0.00274972
0.00273105
0.00271138
0.00269528
0.00267967
0.00266307
0.00264552
0.00262707
0.00260775
0.00258762
0.00256671
0.00254629
0.00253183
0.00251651
0.00250036
0.00248342
0.00246948
0.00245508
0.00243991
0.00242402
0.00240742
0.00239016
0.00237227
0.00235377
0.00234099
0.00232844
0.0023152
0.0023013
0.00228675
0.00227312
0.00226005
0.00224638
0.00223214
0.00221735
0.00220203
0.00218621
0.0021722
0.00216194
0.0021511
0.00213969
0.00212775
0.00211528
0.00210232
0.00208956
0.00207734
0.00206466
0.00205153
0.00203842
0.00202725
0.00201562
0.00200443
0.00199509
0.00198529
0.00197504
0.00196435
0.00195326
0.00194176
0.00192988
0.00191764
0.00190573
0.0018969
0.00188772
0.00187815
0.0018682
0.00185788
0.00184833
0.00183953
0.00183037
0.00182087
0.00181102
0.00180086
0.00179038
0.0017796
0.00176992
0.00176238
0.0017545
0.00174629
0.00173776
0.00172893
0.00171981
0.00171054
0.00170239
0.00169395
0.00168523
0.00167625
0.00166746
0.00165912
0.00165051
0.00164259
0.00163582
0.00162877
0.00162145
0.00161388
0.00160605
0.00159799
0.00158969
0.00158117
0.0015732
0.00156664
0.00155995
0.00155303
0.00154588
0.0015385
0.00153091
0.00152332
0.00151703
0.00151051
0.00150379
0.00149686
0.00148973
0.0014824
0.00147489
0.0014679
0.00146234
0.00145658
0.00145062
0.00144447
0.00143812
0.00143159
0.00142489
0.00141801
0.00141143
0.0014059
0.00140019
0.0013943
0.00138824
0.00138201
0.00137563
0.00136908
0.00136356
0.00135841
0.00135309
0.00134761
0.00134198
0.00133619
0.00133025
0.00132417
0.00131864
0.00131384
0.0013089
0.00130381
0.00129857
0.00129319
0.00128767
0.00128201
0.00127669
0.00127191
0.00126699
0.00126193
0.00125674
0.00125143
0.00124599
0.00124098
0.00123607
0.00123104
0.00122652
0.00122209
0.00121754
0.00121287
0.00120808
0.00120317
0.00119815
0.00119384
0.00118967
0.00118538
0.00118099
0.00117648
0.00117186
0.00116713
0.00116279
0.00115861
0.00115434
0.00114995
0.00114547
0.00114088
0.00113646
0.00113218
0.0011278
0.00112332
0.001119
0.00111535
0.00111159
0.00110774
0.0011038
0.00109976
0.00109564
0.00109161
0.00108804
0.00108438
0.00108063
0.00107679
0.00107287
0.00106886
0.00106523
0.00106156
0.00105781
0.00105397
0.00105005
0.00104607
0.0010423
0.00103846
0.00103453
0.00103056
0.00102686
0.00102358
0.00102042
0.00101719
0.00101389
0.00101051
0.00100705
0.00100352
0.00100038
0.00099721
0.000993969
0.000990656
0.000987275
0.000983874
0.000980687
0.000977432
0.000974109
0.00097072
0.000967267
0.000963751
0.000960286
0.000956819
0.000953292
0.000950224
0.000947164
0.000944043
0.000941184
0.000938428
0.00093561
0.00093273
0.00092979
0.000926791
0.000923941
0.000921164
0.000918329
0.000915435
0.000912485
0.000909494
0.000906639
0.000903728
0.000900764
0.000897747
0.000894678
0.000891558
0.000888389
0.000885172
0.000882157
0.000879634
0.000877059
0.000874434
0.000871759
0.000869289
0.000866851
0.000864362
0.000861824
0.000859237
0.000856648
0.000854189
0.000851681
0.000849126
0.000846525
0.000843879
0.000841188
0.000838553
0.00083589
0.000833185
0.000830437
0.000827649
0.00082482
0.000821952
0.000819348
0.00081719
0.000814988
0.000812745
0.00081046
0.000808134
0.000805957
0.000803778
0.000801558
0.000799298
0.000796998
0.000794696
0.000792457
0.00079018
0.000787865
0.000785512
0.000783123
0.000780699
0.000778239
0.000775746
0.000773219
0.000770659
0.000768068
0.000765703
0.000763635
0.000761588
0.000759678
0.000757733
0.000755752
0.000753738
0.00075169
0.000749697
0.000747733
0.000745735
0.000743705
0.000741643
0.000739549
0.000737424
0.00073531
0.000733201
0.000731063
0.000728894
0.000726697
0.000724472
0.000722219
0.000719939
0.000717633
0.00071559
0.000713811
0.000712003
0.000710166
0.000708381
0.000706643
0.000704877
0.000703082
0.000701259
0.00069941
0.000697559
0.000695749
0.000693912
0.000692049
0.00069016
0.000688246
0.000686307
0.000684343
0.000682356
0.000680346
0.000678312
0.000676256
0.000674179
0.00067208
0.000670412
0.000668861
0.000667286
0.000665686
0.000664063
0.000662416
0.000660749
0.000659158
0.000657544
0.000655907
0.000654248
0.000652566
0.000650863
0.000649139
0.000647394
0.000645628
0.00064388
0.000642124
0.000640348
0.000638553
0.000636738
0.000634904
0.000633052
0.000631231
0.000629774
0.000628296
0.000626799
0.000625331
0.0006239
0.00062245
0.00062098
0.000619491
0.000617983
0.000616457
0.000614912
0.000613384
0.000611865
0.000610329
0.000608775
0.000607203
0.000605615
0.00060401
0.000602388
0.00060075
0.000599097
0.000597428
0.000595744
0.000594075
0.000592779
0.000591484
0.000590171
0.000588842
0.000587496
0.000586134
0.000584756
0.000583372
0.000582032
0.000580677
0.000579306
0.00057792
0.000576519
0.000575103
0.000573672
0.000572228
0.000570769
0.000569297
0.000567811
0.000566312
0.0005648
0.00056328
0.000561775
0.000560437
0.000559227
0.000558002
0.000556764
0.000555513
0.000554273
0.000553068
0.000551849
0.000550616
0.00054937
0.000548112
0.00054684
0.000545556
0.00054426
0.000542951
0.000541631
0.000540308
0.000539006
0.000537692
0.000536367
0.00053503
0.000533682
0.000532323
0.000530954
0.00052964
0.000528496
0.00052738
0.000526287
0.000525183
0.000524067
0.000522939
0.000521801
0.000520651
0.000519491
0.000518319
0.000517138
0.000515959
0.000514804
0.000513639
0.000512463
0.000511277
0.000510081
0.000508876
0.000507661
0.000506436
0.000505202
0.00050396
0.000502708
0.0005015
0.000500492
0.000499475
0.000498448
0.000497411
0.000496365
0.000495309
0.000494244
0.00049317
0.000492124
0.000491082
0.000490031
0.000488972
0.000487903
0.000486826
0.000485741
0.000484647
0.000483544
0.000482434
0.000481316
0.00048019
0.000479056
0.000477915
0.000476767
0.000475726
0.000474776
0.000473818
0.000472852
0.000471878
0.000470896
0.000469959
0.000469013
0.000468059
0.000467098
0.000466129
0.000465152
0.000464168
0.000463177
0.000462178
0.000461173
0.00046016
0.000459141
0.000458115
0.000457083
0.000456065
0.000455051
0.000454031
0.000453004
0.000451971
0.000451074
0.00045019
0.000449333
0.000448469
0.000447598
0.00044672
0.000445836
0.000444945
0.000444047
0.000443144
0.000442234
0.000441317
0.000440395
0.000439467
0.000438533
0.000437626
0.000436715
0.000435798
0.000434876
0.000433947
0.000433013
0.000432074
0.000431129
0.000430179
0.000429326
0.000428526
0.00042772
0.000426908
0.00042609
0.000425267
0.000424438
0.000423604
0.000422765
0.00042192
0.00042107
0.000420244
0.00041942
0.000418591
0.000417756
0.000416917
0.000416072
0.000415223
0.000414368
0.00041351
0.000412646
0.000411778
0.000410905
0.000410028
0.000409233
0.000408479
0.00040772
0.000406957
0.000406188
0.000405415
0.000404637
0.000403874
0.000403125
0.00040237
0.000401611
0.000400847
0.000400079
0.000399306
0.00039853
0.000397749
0.000396963
0.000396174
0.00039538
0.000394583
0.000393782
0.000392977
0.000392168
0.000391355
0.000390599
0.000389887
0.000389172
0.000388465
0.000387779
0.000387088
0.000386394
0.000385695
0.000384992
0.000384286
0.000383575
0.000382861
0.000382143
0.000381422
0.000380696
0.000379968
0.000379235
0.0003785
0.000377761
0.000377018
0.000376278
0.000375555
0.000374828
0.000374098
0.000373364
0.000372691
0.000372052
0.000371409
0.000370763
0.000370114
0.000369461
0.000368804
0.000368144
0.000367481
0.000366815
0.000366146
0.000365473
0.000364798
0.000364119
0.000363437
0.000362773
0.000362112
0.000361448
0.000360781
0.00036011
0.000359437
0.000358761
0.000358083
0.000357401
0.00035674
0.000356136
0.00035553
0.000354921
0.000354309
0.000353694
0.000353076
0.000352455
0.000351832
0.000351206
0.000350583
0.000349979
0.000349371
0.000348761
0.000348148
0.000347533
0.000346915
0.000346294
0.000345671
0.000345045
0.000344417
0.000343787
0.000343154
0.000342519
0.000341882
0.000341286
0.000340714
0.000340139
0.000339561
0.000338981
0.000338418
0.00033786
0.000337299
0.000336736
0.00033617
0.000335603
0.000335032
0.00033446
0.000333885
0.000333308
0.000332729
0.000332148
0.000331565
0.000330979
0.000330392
0.000329802
0.000329211
0.000328617
0.000328022
0.000327425
0.000326898
0.00032638
0.00032586
0.000325338
0.000324814
0.000324288
0.00032376
0.000323229
0.000322697
0.000322162
0.000321626
0.000321088
0.000320548
0.000320006
0.000319462
0.000318916
0.000318369
0.00031782
0.000317269
0.000316716
0.00031618
0.000315643
0.000315104
0.000314564
0.000314043
0.000313553
0.000313062
0.000312569
0.000312074
0.000311577
0.000311078
0.000310578
0.000310076
0.000309572
0.000309067
0.00030856
0.000308051
0.000307541
0.000307034
0.00030654
0.000306045
0.000305548
0.000305049
0.000304549
0.000304047
0.000303544
0.000303039
0.000302533
0.000302025
0.000301519
0.000301054
0.000300587
0.000300118
0.000299649
0.000299177
0.000298704
0.00029823
0.000297766
0.000297309
0.00029685
0.000296389
0.000295927
0.000295463
0.000294998
0.000294532
0.000294065
0.000293596
0.000293125
0.000292654
0.000292181
0.000291707
0.000291231
0.000290755
0.000290277
0.000289798
0.000289324
0.000288899
0.000288474
0.000288047
0.000287618
0.000287188
0.000286757
0.000286325
0.000285891
0.000285457
0.000285021
0.000284583
0.000284145
0.000283705
0.000283264
0.000282823
0.000282379
0.000281935
0.00028149
0.000281044
0.000280597
0.000280148
0.000279699
0.000279248
0.000278821
0.000278419
0.000278015
0.000277611
0.000277205
0.000276798
0.00027639
0.000275981
0.000275571
0.00027516
0.000274748
0.000274334
0.00027392
0.000273505
0.000273089
0.000272672
0.000272253
0.000271834
0.000271414
0.000271004
0.000270597
0.000270189
0.000269779
0.000269369
0.000268958
0.000268546
0.000268151
0.000267767
0.000267383
0.000266997
0.00026661
0.000266223
0.000265834
0.000265445
0.000265055
0.000264664
0.000264272
0.000263894
0.000263514
0.000263134
0.000262753
0.000262371
0.000261988
0.000261605
0.00026122
0.000260835
0.000260449
0.000260062
0.000259674
0.000259286
0.000258897
0.000258507
0.000258116
0.000257736
0.000257375
0.000257021
0.000256667
0.000256312
0.000255956
0.000255599
0.000255242
0.000254884
0.000254525
0.000254165
0.000253804
0.000253443
0.000253081
0.000252718
0.000252355
0.000251991
0.000251626
0.00025126
0.000250894
0.000250527
0.00025016
0.000249792
0.000249423
0.000249054
0.000248719
0.000248383
0.000248047
0.00024771
0.000247372
0.000247034
0.000246695
0.000246355
0.000246015
0.000245674
0.000245332
0.00024499
0.000244647
0.000244303
0.000243959
0.000243614
0.000243269
0.000242923
0.000242577
0.00024223
0.000241882
0.000241534
0.000241193
0.000240855
0.000240516
0.000240197
0.000239877
0.000239557
0.000239236
0.000238915
0.000238593
0.00023827
0.000237947
0.000237624
0.000237299
0.000236974
0.000236649
0.000236323
0.000235998
0.000235682
0.000235365
0.000235048
0.00023473
0.000234412
0.000234094
0.000233775
0.000233455
0.000233135
0.000232814
0.000232493
0.000232171
0.000231849
0.000231527
0.000231207
0.000230901
0.000230598
0.000230302
0.000230005
0.000229708
0.00022941
0.000229112
0.000228813
0.000228514
0.000228214
0.000227914
0.000227613
0.000227311
0.00022701
0.000226708
0.000226405
0.000226102
0.000225799
0.000225495
0.000225191
0.000224886
0.000224581
0.000224275
0.000223969
0.000223663
0.000223379
0.000223097
0.000222815
0.000222532
0.000222249
0.000221965
0.000221681
0.000221397
0.000221112
0.000220826
0.000220541
0.000220255
0.000219968
0.000219681
0.000219394
0.000219106
0.000218818
0.00021853
0.000218241
0.000217952
0.000217663
0.000217373
0.000217083
0.000216793
0.000216507
0.000216239
0.00021597
0.000215701
0.000215431
0.000215161
0.000214891
0.00021462
0.000214349
0.000214077
0.000213805
0.000213533
0.000213261
0.000212988
0.000212715
0.000212442
0.000212168
0.0002119
0.000211634
0.000211368
0.000211101
0.000210834
0.000210567
0.000210299
0.000210031
0.000209763
0.000209495
0.000209226
0.000208957
0.000208687
0.000208418
0.000208158
0.000207901
0.000207651
0.0002074
0.000207149
0.000206898
0.000206647
0.000206395
0.000206143
0.000205891
0.000205638
0.000205385
0.000205132
0.000204878
0.000204624
0.00020437
0.000204116
0.000203861
0.000203606
0.000203351
0.000203096
0.00020284
0.000202584
0.000202328
0.000202072
0.000201815
0.000201574
0.000201336
0.000201097
0.000200857
0.000200618
0.000200378
0.000200138
0.000199897
0.000199657
0.000199416
0.000199175
0.000198933
0.000198692
0.00019845
0.000198208
0.000197965
0.000197723
0.00019748
0.000197237
0.000196994
0.000196751
0.000196507
0.000196263
0.000196019
0.000195775
0.000195539
0.000195311
0.000195082
0.000194854
0.000194625
0.000194396
0.000194167
0.000193937
0.000193708
0.000193478
0.000193248
0.000193018
0.000192787
0.000192556
0.000192326
0.000192094
0.000191863
0.000191633
0.000191408
0.000191183
0.000190958
0.000190732
0.000190506
0.00019028
0.000190054
0.000189827
0.000189601
0.000189374
0.000189147
0.00018892
0.000188692
0.000188465
0.000188248
0.000188035
0.000187822
0.000187609
0.000187395
0.000187182
0.000186968
0.000186754
0.00018654
0.000186325
0.000186111
0.000185896
0.000185681
0.000185466
0.000185251
0.000185035
0.00018482
0.000184604
0.000184388
0.000184172
0.000183956
0.00018374
0.000183523
0.000183307
0.00018309
0.000182873
0.000182664
0.000182461
0.000182257
0.000182053
0.000181849
0.000181645
0.00018144
0.000181236
0.000181031
0.000180826
0.000180621
0.000180416
0.00018021
0.000180005
0.000179799
0.000179594
0.000179388
0.000179182
0.000178975
0.000178769
0.000178563
0.000178356
0.00017815
0.000177943
0.000177736
0.000177529
0.000177326
0.000177131
0.000176936
0.000176741
0.000176546
0.00017635
0.000176155
0.000175959
0.000175763
0.000175567
0.000175371
0.000175175
0.000174979
0.000174782
0.000174586
0.000174389
0.000174192
0.000173999
0.000173807
0.000173615
0.000173423
0.00017323
0.000173038
0.000172846
0.000172653
0.00017246
0.000172268
0.000172075
0.000171882
0.000171689
0.000171496
0.000171302
0.000171109
0.000170925
0.000170743
0.00017056
0.000170378
0.000170195
0.000170012
0.000169829
0.000169646
0.000169463
0.00016928
0.000169096
0.000168913
0.000168729
0.000168546
0.000168362
0.000168178
0.000167994
0.00016781
0.000167626
0.000167442
0.000167257
0.000167073
0.000166888
0.000166704
0.000166519
0.000166335
0.00016615
0.000165973
0.000165798
0.000165623
0.000165449
0.000165273
0.000165098
0.000164923
0.000164748
0.000164572
0.000164397
0.000164221
0.000164046
0.00016387
0.000163694
0.000163518
0.000163342
0.000163166
0.00016299
0.000162814
0.000162637
0.000162461
0.000162285
0.000162108
0.000161932
0.000161755
0.000161579
0.000161402
0.00016123
0.000161062
0.000160894
0.000160727
0.000160559
0.000160391
0.000160223
0.000160055
0.000159887
0.000159719
0.000159551
0.000159382
0.000159214
0.000159046
0.000158878
0.000158713
0.000158549
0.000158384
0.00015822
0.000158055
0.00015789
0.000157725
0.00015756
0.000157396
0.000157231
0.000157065
0.0001569
0.000156735
0.00015657
0.000156405
0.000156239
0.000156074
0.000155908
0.000155745
0.000155588
0.000155431
0.000155274
0.000155116
0.000154959
0.000154802
0.000154644
0.000154487
0.000154329
0.000154172
0.000154014
0.000153856
0.000153698
0.000153541
0.000153383
0.000153225
0.000153067
0.000152909
0.000152751
0.000152593
0.000152434
0.000152276
0.000152118
0.00015196
0.000151801
0.000151643
0.000151485
0.000151326
0.000151176
0.000151025
0.000150874
0.000150723
0.000150572
0.000150421
0.00015027
0.000150119
0.000149968
0.000149817
0.000149666
0.000149515
0.000149363
0.000149212
0.000149061
0.000148909
0.000148758
0.000148606
0.000148455
0.000148303
0.000148152
0.000148
0.000147849
0.000147697
0.000147545
0.000147394
0.000147242
0.000147092
0.000146943
0.000146797
0.000146652
0.000146508
0.000146363
0.000146218
0.000146073
0.000145928
0.000145783
0.000145638
0.000145496
0.000145354
0.000145212
0.000145071
0.000144929
0.000144787
0.000144645
0.000144503
0.000144361
0.000144219
0.000144077
0.000143935
0.000143793
0.00014365
0.000143508
0.000143366
0.000143224
0.000143081
0.000142939
0.000142797
0.000142654
0.000142512
0.00014237
0.000142227
0.000142088
0.000141952
0.000141816
0.00014168
0.000141544
0.000141407
0.000141271
0.000141135
0.000140999
0.000140863
0.000140727
0.00014059
0.000140454
0.000140318
0.000140182
0.000140045
0.000139909
0.000139773
0.000139636
0.0001395
0.000139363
0.000139227
0.000139091
0.000138954
0.000138818
0.000138681
0.000138545
0.000138408
0.000138272
0.000138135
0.000138004
0.000137873
0.000137742
0.000137612
0.000137481
0.00013735
0.00013722
0.000137089
0.000136958
0.000136827
0.000136697
0.000136566
0.000136435
0.000136304
0.000136173
0.000136042
0.000135912
0.000135781
0.00013565
0.000135519
0.000135388
0.000135257
0.000135127
0.000134999
0.000134871
0.000134742
0.000134614
0.000134486
0.000134358
0.000134229
0.000134101
0.000133973
0.000133844
0.000133716
0.00013359
0.000133468
0.000133345
0.000133222
0.000133099
0.000132976
0.000132853
0.00013273
0.000132607
0.000132484
0.000132361
0.000132238
0.000132115
0.000131992
0.000131869
0.000131746
0.000131622
0.000131499
0.000131376
0.000131253
0.00013113
0.000131007
0.000130884
0.000130761
0.000130638
0.000130514
0.000130391
0.000130268
0.000130145
0.000130022
0.000129899
0.00012978
0.000129662
0.000129544
0.000129426
0.000129308
0.00012919
0.000129071
0.000128953
0.000128835
0.000128717
0.000128599
0.00012848
0.000128362
0.000128244
0.000128126
0.000128008
0.000127889
0.000127771
0.000127653
0.000127535
0.000127416
0.000127298
0.00012718
0.000127062
0.000126944
0.000126825
0.000126707
0.000126589
0.000126471
0.000126353
0.000126235
0.00012612
0.000126007
0.000125893
0.00012578
0.000125666
0.000125552
0.000125439
0.000125325
0.000125212
0.000125098
0.000124984
0.000124871
0.000124757
0.000124644
0.000124533
0.000124421
0.00012431
0.000124199
0.000124087
0.000123976
0.000123865
0.000123753
0.000123642
0.00012353
0.000123419
0.000123308
0.000123196
0.000123085
0.000122974
0.000122862
0.000122751
0.00012264
0.000122528
0.000122417
0.000122306
0.000122197
0.00012209
0.000121983
0.000121876
0.000121769
0.000121662
0.000121555
0.000121448
0.000121341
0.000121233
0.000121126
0.000121019
0.000120912
0.000120805
0.000120698
0.000120591
0.000120484
0.000120377
0.00012027
0.000120163
0.000120056
0.000119949
0.000119842
0.000119735
0.000119628
0.000119521
0.000119414
0.000119308
0.000119201
0.000119094
0.000118987
0.00011888
0.000118774
0.000118671
0.000118568
0.000118465
0.000118363
0.00011826
0.000118157
0.000118054
0.000117951
0.000117848
0.000117745
0.000117642
0.000117539
0.000117436
0.000117333
0.000117231
0.000117128
0.000117025
0.000116922
0.000116819
0.000116716
0.000116614
0.000116511
0.000116408
0.000116305
0.000116203
0.0001161
0.000115997
0.000115895
0.000115794
0.000115694
0.000115593
0.000115492
0.000115391
0.00011529
0.000115189
0.000115091
0.000114994
0.000114897
0.0001148
0.000114703
0.000114606
0.000114508
0.000114411
0.000114314
0.000114217
0.00011412
0.000114023
0.000113926
0.000113828
0.000113731
0.000113634
0.000113537
0.00011344
0.000113343
0.000113246
0.000113149
0.000113052
0.000112955
0.000112858
0.000112761
0.000112664
0.000112567
0.00011247
0.000112373
0.000112276
0.00011218
0.000112083
0.000111986
0.00011189
0.000111796
0.000111703
0.000111609
0.000111516
0.000111422
0.000111329
0.000111235
0.000111142
0.000111048
0.000110955
0.000110862
0.000110768
0.000110675
0.000110582
0.000110488
0.000110395
0.000110302
0.000110208
0.000110115
0.000110022
0.000109928
0.000109835
0.000109742
0.000109649
0.000109556
0.000109462
0.000109369
0.000109276
0.000109183
0.00010909
0.000108997
0.000108904
0.000108811
0.000108718
0.000108628
0.000108538
0.000108448
0.000108358
0.000108268
0.000108178
0.000108088
0.000107998
0.000107909
0.000107819
0.000107729
0.000107639
0.00010755
0.000107462
0.000107373
0.000107285
0.000107197
0.000107109
0.00010702
0.000106932
0.000106844
0.000106756
0.000106668
0.00010658
0.000106492
0.000106404
0.000106315
0.000106227
0.000106139
0.000106051
0.000105963
0.000105875
0.000105787
0.000105699
0.000105612
0.000105524
0.000105437
0.000105352
0.000105267
0.000105182
0.000105097
0.000105012
0.000104927
0.000104842
0.000104757
0.000104672
0.000104587
0.000104502
0.000104417
0.000104332
0.000104248
0.000104163
0.000104078
0.000103993
0.000103908
0.000103824
0.000103739
0.000103654
0.000103569
0.000103485
0.0001034
0.000103315
0.000103231
0.000103146
0.000103061
0.000102977
0.000102892
0.000102808
0.000102723
0.000102639
0.000102554
0.00010247
0.000102387
0.000102306
0.000102224
0.000102142
0.00010206
0.000101978
0.000101897
0.000101815
0.000101733
0.000101652
0.00010157
0.000101488
0.000101407
0.000101325
0.000101243
0.000101162
0.00010108
0.000100999
0.000100917
0.000100836
0.000100754
0.000100673
0.000100591
0.00010051
0.000100429
0.000100347
0.000100266
0.000100186
0.000100106
0.000100026
9.99458e-05
9.98658e-05
9.97858e-05
9.97058e-05
9.96259e-05
9.95459e-05
9.9466e-05
9.93882e-05
9.93108e-05
9.92333e-05
9.91559e-05
9.90785e-05
9.90011e-05
9.89237e-05
9.88464e-05
9.8769e-05
9.86917e-05
9.86144e-05
9.85371e-05
9.84598e-05
9.83825e-05
9.83053e-05
9.82281e-05
9.81509e-05
9.80737e-05
9.79965e-05
9.79194e-05
9.78422e-05
9.77651e-05
9.7688e-05
9.7611e-05
9.75339e-05
9.74569e-05
9.73799e-05
9.73029e-05
9.72259e-05
9.7149e-05
9.70721e-05
9.69952e-05
9.69183e-05
9.68415e-05
9.67646e-05
9.66878e-05
9.6611e-05
9.65357e-05
9.64612e-05
9.63866e-05
9.63121e-05
9.62377e-05
9.61632e-05
9.60888e-05
9.60144e-05
9.594e-05
9.58656e-05
9.57912e-05
9.57169e-05
9.56426e-05
9.55683e-05
9.5494e-05
9.54197e-05
9.53455e-05
9.52713e-05
9.51971e-05
9.51229e-05
9.50487e-05
9.49746e-05
9.49005e-05
9.48264e-05
9.47523e-05
9.46783e-05
9.46043e-05
9.45303e-05
9.44563e-05
9.43824e-05
9.43084e-05
9.42345e-05
9.41606e-05
9.40868e-05
9.40129e-05
9.39391e-05
9.38653e-05
9.37916e-05
9.37189e-05
9.36472e-05
9.35759e-05
9.35053e-05
9.34348e-05
9.33642e-05
9.32937e-05
9.32231e-05
9.31526e-05
9.30821e-05
9.30117e-05
9.29412e-05
9.28708e-05
9.28003e-05
9.273e-05
9.26596e-05
9.25892e-05
9.25189e-05
9.24486e-05
9.23783e-05
9.2308e-05
9.22377e-05
9.21675e-05
9.20973e-05
9.20271e-05
9.19569e-05
9.18867e-05
9.18166e-05
9.17465e-05
9.16764e-05
9.16063e-05
9.15363e-05
9.14663e-05
9.13963e-05
9.13263e-05
9.12563e-05
9.11864e-05
9.11165e-05
9.10476e-05
9.09797e-05
9.09117e-05
9.08438e-05
9.07759e-05
9.0708e-05
9.06401e-05
9.05723e-05
9.05045e-05
9.04366e-05
9.03689e-05
9.03011e-05
9.02333e-05
9.01656e-05
9.00979e-05
9.00302e-05
8.99625e-05
8.98949e-05
8.98273e-05
8.97597e-05
8.96921e-05
8.96245e-05
8.9557e-05
8.94895e-05
8.9422e-05
8.93545e-05
8.9287e-05
8.92196e-05
8.91522e-05
8.90848e-05
8.90175e-05
8.89501e-05
8.88828e-05
8.88155e-05
8.87483e-05
8.8681e-05
8.86138e-05
8.85466e-05
8.84794e-05
8.84123e-05
8.83464e-05
8.8281e-05
8.82157e-05
8.81504e-05
8.80851e-05
8.80198e-05
8.79546e-05
8.78893e-05
8.78241e-05
8.7759e-05
8.76938e-05
8.76286e-05
8.75635e-05
8.74984e-05
8.74338e-05
8.73696e-05
8.73055e-05
8.72413e-05
8.71772e-05
8.71131e-05
8.7049e-05
8.69849e-05
8.69208e-05
8.68568e-05
8.67928e-05
8.67288e-05
8.66648e-05
8.66009e-05
8.6537e-05
8.64731e-05
8.64092e-05
8.63453e-05
8.62815e-05
8.62177e-05
8.61539e-05
8.60901e-05
8.60263e-05
8.59626e-05
8.58995e-05
8.58375e-05
8.57754e-05
8.57134e-05
8.56514e-05
8.55895e-05
8.55275e-05
8.54656e-05
8.54037e-05
8.53418e-05
8.52799e-05
8.52181e-05
8.51562e-05
8.50944e-05
8.50326e-05
8.49709e-05
8.49091e-05
8.48474e-05
8.47857e-05
8.4724e-05
8.46623e-05
8.46007e-05
8.45391e-05
8.44775e-05
8.44159e-05
8.43543e-05
8.42928e-05
8.42313e-05
8.41698e-05
8.41083e-05
8.40469e-05
8.39855e-05
8.3924e-05
8.38627e-05
8.38013e-05
8.374e-05
8.36787e-05
8.36174e-05
8.35561e-05
8.34949e-05
8.34337e-05
8.33725e-05
8.33123e-05
8.32527e-05
8.3193e-05
8.31334e-05
8.30738e-05
8.30143e-05
8.29547e-05
8.28952e-05
8.28357e-05
8.27762e-05
8.27168e-05
8.26573e-05
8.25979e-05
8.25385e-05
8.24791e-05
8.24198e-05
8.23605e-05
8.23011e-05
8.22419e-05
8.21826e-05
8.21234e-05
8.20641e-05
8.20049e-05
8.19458e-05
8.18866e-05
8.18275e-05
8.17684e-05
8.17098e-05
8.16514e-05
8.15931e-05
8.15348e-05
8.14765e-05
8.14183e-05
8.136e-05
8.13018e-05
8.12436e-05
8.11854e-05
8.11273e-05
8.10691e-05
8.10124e-05
8.09557e-05
8.0899e-05
8.08424e-05
8.07858e-05
8.07292e-05
8.06726e-05
8.0616e-05
8.05595e-05
8.05029e-05
8.04464e-05
8.03899e-05
8.03335e-05
8.0277e-05
8.02206e-05
8.01642e-05
8.01078e-05
8.00514e-05
7.99951e-05
7.99388e-05
7.98825e-05
7.98262e-05
7.97699e-05
7.97137e-05
7.96575e-05
7.96013e-05
7.95451e-05
7.94889e-05
7.94328e-05
7.93767e-05
7.93206e-05
7.92645e-05
7.92085e-05
7.91524e-05
7.90964e-05
7.90404e-05
7.89845e-05
7.89285e-05
7.88726e-05
7.88167e-05
7.87609e-05
7.8705e-05
7.86492e-05
7.85937e-05
7.85393e-05
7.84848e-05
7.84303e-05
7.83759e-05
7.83215e-05
7.82671e-05
7.82127e-05
7.81584e-05
7.81041e-05
7.80498e-05
7.79955e-05
7.79412e-05
7.7887e-05
7.78328e-05
7.77785e-05
7.77244e-05
7.76702e-05
7.76161e-05
7.75619e-05
7.75079e-05
7.74538e-05
7.73997e-05
7.73457e-05
7.72917e-05
7.72377e-05
7.71837e-05
7.71298e-05
7.70758e-05
7.70219e-05
7.69681e-05
7.69142e-05
7.68604e-05
7.68066e-05
7.67528e-05
7.6699e-05
7.66452e-05
7.65915e-05
7.65378e-05
7.64841e-05
7.64318e-05
7.638e-05
7.63282e-05
7.62764e-05
7.62246e-05
7.61729e-05
7.61211e-05
7.60694e-05
7.60177e-05
7.59661e-05
7.59144e-05
7.58628e-05
7.58112e-05
7.57596e-05
7.5708e-05
7.56564e-05
7.56049e-05
7.55534e-05
7.55019e-05
7.54504e-05
7.53989e-05
7.53475e-05
7.52961e-05
7.52447e-05
7.51933e-05
7.5142e-05
7.50906e-05
7.50393e-05
7.4988e-05
7.49367e-05
7.48855e-05
7.48342e-05
7.4783e-05
7.47318e-05
7.46807e-05
7.46295e-05
7.45784e-05
7.45273e-05
7.44762e-05
7.44251e-05
7.43741e-05
7.4323e-05
7.4272e-05
7.4221e-05
7.41701e-05
7.41196e-05
7.40698e-05
7.402e-05
7.39703e-05
7.39205e-05
7.38708e-05
7.38211e-05
7.37714e-05
7.37217e-05
7.36721e-05
7.36225e-05
7.35729e-05
7.35233e-05
7.34737e-05
7.34242e-05
7.33746e-05
7.33251e-05
7.32757e-05
7.32262e-05
7.31767e-05
7.31273e-05
7.30779e-05
7.30285e-05
7.29792e-05
7.29298e-05
7.28805e-05
7.28312e-05
7.27819e-05
7.27326e-05
7.26834e-05
7.26342e-05
7.2585e-05
7.25358e-05
7.24867e-05
7.24375e-05
7.23884e-05
7.23393e-05
7.22902e-05
7.22412e-05
7.21922e-05
7.21431e-05
7.20942e-05
7.20452e-05
7.19963e-05
7.19475e-05
7.19001e-05
7.18528e-05
7.18055e-05
7.17582e-05
7.17109e-05
7.16636e-05
7.16164e-05
7.15692e-05
7.1522e-05
7.14748e-05
7.14276e-05
7.13805e-05
7.13333e-05
7.12862e-05
7.12391e-05
7.11921e-05
7.1145e-05
7.1098e-05
7.1051e-05
7.1004e-05
7.0957e-05
7.091e-05
7.08631e-05
7.08162e-05
7.07693e-05
7.07224e-05
7.06755e-05
7.06287e-05
7.05819e-05
7.05351e-05
7.04883e-05
7.04415e-05
7.03948e-05
7.03481e-05
7.03014e-05
7.02547e-05
7.0208e-05
7.01614e-05
7.01148e-05
7.00682e-05
7.00216e-05
6.9975e-05
6.99285e-05
6.98829e-05
6.98373e-05
6.97918e-05
6.97463e-05
6.97008e-05
6.96554e-05
6.96099e-05
6.95645e-05
6.95191e-05
6.94737e-05
6.94283e-05
6.9383e-05
6.93377e-05
6.92923e-05
6.92471e-05
6.92018e-05
6.91565e-05
6.91113e-05
6.90661e-05
6.90209e-05
6.89757e-05
6.89305e-05
6.88854e-05
6.88403e-05
6.87952e-05
6.87501e-05
6.8705e-05
6.866e-05
6.8615e-05
6.857e-05
6.8525e-05
6.848e-05
6.84351e-05
6.83901e-05
6.83452e-05
6.83004e-05
6.82555e-05
6.82106e-05
6.81658e-05
6.8121e-05
6.80762e-05
6.80315e-05
6.79867e-05
6.7942e-05
6.78973e-05
6.78526e-05
6.78079e-05
6.77633e-05
6.77187e-05
6.76753e-05
6.7632e-05
6.75888e-05
6.75456e-05
6.75024e-05
6.74592e-05
6.7416e-05
6.73729e-05
6.73297e-05
6.72866e-05
6.72435e-05
6.72004e-05
6.71574e-05
6.71143e-05
6.70713e-05
6.70283e-05
6.69853e-05
6.69423e-05
6.68994e-05
6.68564e-05
6.68135e-05
6.67706e-05
6.67278e-05
6.66849e-05
6.66421e-05
6.65992e-05
6.65564e-05
6.65136e-05
6.64709e-05
6.64281e-05
6.63854e-05
6.63427e-05
6.63e-05
6.62573e-05
6.62147e-05
6.6172e-05
6.61294e-05
6.60868e-05
6.60442e-05
6.60017e-05
6.59591e-05
6.59172e-05
6.58755e-05
6.58339e-05
6.57922e-05
6.57506e-05
6.5709e-05
6.56675e-05
6.56259e-05
6.55843e-05
6.55428e-05
6.55013e-05
6.54598e-05
6.54183e-05
6.53769e-05
6.53354e-05
6.5294e-05
6.52526e-05
6.52112e-05
6.51699e-05
6.51285e-05
6.50872e-05
6.50459e-05
6.50046e-05
6.49633e-05
6.49221e-05
6.48808e-05
6.48396e-05
6.47984e-05
6.47572e-05
6.4716e-05
6.46749e-05
6.46338e-05
6.45927e-05
6.45516e-05
6.45105e-05
6.44694e-05
6.44284e-05
6.43874e-05
6.43464e-05
6.43054e-05
6.42644e-05
6.42235e-05
6.41826e-05
6.41417e-05
6.41008e-05
6.40599e-05
6.40191e-05
6.39782e-05
6.39374e-05
6.38966e-05
6.38558e-05
6.38151e-05
6.37749e-05
6.3735e-05
6.36951e-05
6.36551e-05
6.36152e-05
6.35757e-05
6.35362e-05
6.34967e-05
6.34572e-05
6.34178e-05
6.33784e-05
6.3339e-05
6.32996e-05
6.32602e-05
6.32209e-05
6.31815e-05
6.31422e-05
6.31029e-05
6.30636e-05
6.30243e-05
6.29851e-05
6.29459e-05
6.29066e-05
6.28674e-05
6.28283e-05
6.27891e-05
6.27499e-05
6.27108e-05
6.26717e-05
6.26326e-05
6.25935e-05
6.25545e-05
6.25154e-05
6.24764e-05
6.24374e-05
6.23984e-05
6.23594e-05
6.23205e-05
6.22815e-05
6.22426e-05
6.22037e-05
6.21653e-05
6.21271e-05
6.2089e-05
6.20509e-05
6.20128e-05
6.19747e-05
6.19367e-05
6.18986e-05
6.18606e-05
6.18226e-05
6.17846e-05
6.17466e-05
6.17087e-05
6.16707e-05
6.16328e-05
6.15949e-05
6.1557e-05
6.15191e-05
6.14813e-05
6.14434e-05
6.14056e-05
6.13678e-05
6.133e-05
6.12922e-05
6.12545e-05
6.12168e-05
6.1179e-05
6.11413e-05
6.11036e-05
6.1066e-05
6.10283e-05
6.09907e-05
6.09531e-05
6.09155e-05
6.08779e-05
6.08403e-05
6.08028e-05
6.07652e-05
6.07277e-05
6.06902e-05
6.06527e-05
6.06153e-05
6.05778e-05
6.05404e-05
6.0503e-05
6.04656e-05
6.04282e-05
6.03908e-05
6.03535e-05
6.03162e-05
6.02789e-05
6.02416e-05
6.02043e-05
6.01671e-05
6.01299e-05
6.00933e-05
6.00568e-05
6.00202e-05
5.99837e-05
5.99473e-05
5.99108e-05
5.98743e-05
5.98379e-05
5.98015e-05
5.97651e-05
5.9729e-05
5.96929e-05
5.96569e-05
5.96208e-05
5.95848e-05
5.95488e-05
5.95129e-05
5.94769e-05
5.9441e-05
5.9405e-05
5.93691e-05
5.93332e-05
5.92974e-05
5.92615e-05
5.92256e-05
5.91898e-05
5.9154e-05
5.91182e-05
5.90824e-05
5.90467e-05
5.90109e-05
5.89752e-05
5.89395e-05
5.89038e-05
5.88681e-05
5.88324e-05
5.87968e-05
5.87611e-05
5.87255e-05
5.86899e-05
5.86543e-05
5.86191e-05
5.85841e-05
5.85492e-05
5.85143e-05
5.84795e-05
5.84446e-05
5.84098e-05
5.83749e-05
5.83401e-05
5.83053e-05
5.82705e-05
5.82358e-05
5.8201e-05
5.81663e-05
5.81316e-05
5.80968e-05
5.80622e-05
5.80275e-05
5.79928e-05
5.79582e-05
5.79236e-05
5.78889e-05
5.78543e-05
5.78198e-05
5.77852e-05
5.77507e-05
5.77161e-05
5.76816e-05
5.76471e-05
5.76126e-05
5.75782e-05
5.75437e-05
5.75093e-05
5.74749e-05
5.74404e-05
5.74061e-05
5.73717e-05
5.73373e-05
5.7303e-05
5.72687e-05
5.72344e-05
5.72001e-05
5.71658e-05
5.71315e-05
5.70973e-05
5.70631e-05
5.70289e-05
5.69947e-05
5.69605e-05
5.69263e-05
5.68922e-05
5.6858e-05
5.68239e-05
5.67898e-05
5.67557e-05
5.67217e-05
5.66876e-05
5.66537e-05
5.66202e-05
5.65868e-05
5.65534e-05
5.652e-05
5.64866e-05
5.64533e-05
5.64199e-05
5.63866e-05
5.63533e-05
5.632e-05
5.62867e-05
5.62534e-05
5.62202e-05
5.61871e-05
5.61541e-05
5.61212e-05
5.60882e-05
5.60553e-05
5.60224e-05
5.59895e-05
5.59567e-05
5.59238e-05
5.5891e-05
5.58582e-05
5.58254e-05
5.57926e-05
5.57598e-05
5.5727e-05
5.56943e-05
5.56616e-05
5.56289e-05
5.55962e-05
5.55635e-05
5.55308e-05
5.54982e-05
5.54655e-05
5.54329e-05
5.54003e-05
5.53677e-05
5.53351e-05
5.53026e-05
5.52701e-05
5.52381e-05
5.52062e-05
5.51742e-05
5.51423e-05
5.51103e-05
5.50784e-05
5.50465e-05
5.50147e-05
5.49828e-05
5.49509e-05
5.49191e-05
5.48873e-05
5.48555e-05
5.48237e-05
5.47919e-05
5.47601e-05
5.47284e-05
5.46966e-05
5.46649e-05
5.46332e-05
5.46015e-05
5.45698e-05
5.45381e-05
5.45065e-05
5.44749e-05
5.44432e-05
5.44116e-05
5.438e-05
5.43485e-05
5.43169e-05
5.42853e-05
5.42538e-05
5.42223e-05
5.41908e-05
5.41593e-05
5.41278e-05
5.40964e-05
5.40649e-05
5.40335e-05
5.40021e-05
5.39707e-05
5.39393e-05
5.39079e-05
5.38766e-05
5.38452e-05
5.38139e-05
5.37826e-05
5.37513e-05
5.372e-05
5.36888e-05
5.36575e-05
5.36263e-05
5.35951e-05
5.35639e-05
5.35327e-05
5.35015e-05
5.34703e-05
5.34392e-05
5.34081e-05
5.33769e-05
5.33463e-05
5.33157e-05
5.32852e-05
5.32546e-05
5.32241e-05
5.31935e-05
5.3163e-05
5.31325e-05
5.3102e-05
5.30716e-05
5.30411e-05
5.30107e-05
5.29802e-05
5.29498e-05
5.29194e-05
5.28892e-05
5.28591e-05
5.28289e-05
5.27988e-05
5.27687e-05
5.27386e-05
5.27086e-05
5.26785e-05
5.26485e-05
5.26184e-05
5.25884e-05
5.25584e-05
5.25284e-05
5.24984e-05
5.24685e-05
5.24385e-05
5.24086e-05
5.23787e-05
5.23488e-05
5.23189e-05
5.2289e-05
5.22592e-05
5.22293e-05
5.21995e-05
5.21697e-05
5.21399e-05
5.21101e-05
5.20806e-05
5.20513e-05
5.2022e-05
5.19928e-05
5.19635e-05
5.19343e-05
5.19051e-05
5.18759e-05
5.18467e-05
5.18175e-05
5.17883e-05
5.17592e-05
5.173e-05
5.17009e-05
5.16718e-05
5.16427e-05
5.16136e-05
5.15845e-05
5.15555e-05
5.15264e-05
5.14974e-05
5.14684e-05
5.14394e-05
5.14104e-05
5.13814e-05
5.13524e-05
5.13235e-05
5.12945e-05
5.12656e-05
5.12367e-05
5.12078e-05
5.11789e-05
5.115e-05
5.11212e-05
5.10923e-05
5.10635e-05
5.10347e-05
5.10059e-05
5.09771e-05
5.09483e-05
5.09196e-05
5.08908e-05
5.08621e-05
5.08334e-05
5.08047e-05
5.0776e-05
5.07473e-05
5.07186e-05
5.069e-05
5.06614e-05
5.06327e-05
5.06041e-05
5.05755e-05
5.05469e-05
5.05184e-05
5.04898e-05
5.04613e-05
5.04328e-05
5.04042e-05
5.03758e-05
5.03473e-05
5.03188e-05
5.02903e-05
5.0262e-05
5.0234e-05
5.0206e-05
5.01781e-05
5.01501e-05
5.01222e-05
5.00943e-05
5.00663e-05
5.00384e-05
5.00106e-05
4.99827e-05
4.99548e-05
4.9927e-05
4.98991e-05
4.98713e-05
4.98437e-05
4.98161e-05
4.97885e-05
4.97609e-05
4.97334e-05
4.97058e-05
4.96783e-05
4.96508e-05
4.96232e-05
4.95957e-05
4.95683e-05
4.95408e-05
4.95133e-05
4.94859e-05
4.94584e-05
4.9431e-05
4.94036e-05
4.93762e-05
4.93488e-05
4.93215e-05
4.92941e-05
4.92668e-05
4.92394e-05
4.92121e-05
4.91848e-05
4.91575e-05
4.91303e-05
4.9103e-05
4.9076e-05
4.90492e-05
4.90224e-05
4.89956e-05
4.89688e-05
4.8942e-05
4.89153e-05
4.88885e-05
4.88618e-05
4.8835e-05
4.88083e-05
4.87816e-05
4.87549e-05
4.87283e-05
4.87016e-05
4.86749e-05
4.86483e-05
4.86217e-05
4.85951e-05
4.85685e-05
4.85419e-05
4.85153e-05
4.84887e-05
4.84622e-05
4.84356e-05
4.84091e-05
4.83826e-05
4.83561e-05
4.83296e-05
4.83031e-05
4.82767e-05
4.82502e-05
4.82238e-05
4.81973e-05
4.81709e-05
4.81445e-05
4.81181e-05
4.80918e-05
4.80654e-05
4.8039e-05
4.80127e-05
4.79864e-05
4.79601e-05
4.79338e-05
4.79075e-05
4.78812e-05
4.78549e-05
4.78287e-05
4.78024e-05
4.77762e-05
4.775e-05
4.77238e-05
4.76976e-05
4.76714e-05
4.76453e-05
4.76191e-05
4.7593e-05
4.75669e-05
4.75408e-05
4.75147e-05
4.74886e-05
4.74625e-05
4.74364e-05
4.74104e-05
4.73844e-05
4.73583e-05
4.73324e-05
4.73067e-05
4.72811e-05
4.72555e-05
4.723e-05
4.72044e-05
4.71788e-05
4.71533e-05
4.71277e-05
4.71022e-05
4.70767e-05
4.70514e-05
4.7026e-05
4.70007e-05
4.69754e-05
4.69502e-05
4.69249e-05
4.68996e-05
4.68744e-05
4.68492e-05
4.68239e-05
4.67987e-05
4.67735e-05
4.67483e-05
4.67232e-05
4.6698e-05
4.66728e-05
4.66477e-05
4.66226e-05
4.65975e-05
4.65724e-05
4.65473e-05
4.65222e-05
4.64971e-05
4.64721e-05
4.6447e-05
4.6422e-05
4.6397e-05
4.6372e-05
4.6347e-05
4.6322e-05
4.6297e-05
4.62721e-05
4.62472e-05
4.62226e-05
4.6198e-05
4.61735e-05
4.61489e-05
4.61244e-05
4.60999e-05
4.60754e-05
4.60509e-05
4.60264e-05
4.60019e-05
4.59774e-05
4.5953e-05
4.59286e-05
4.59041e-05
4.58797e-05
4.58553e-05
4.58309e-05
4.58065e-05
4.57822e-05
4.57578e-05
4.57334e-05
4.57091e-05
4.56848e-05
4.56605e-05
4.56362e-05
4.56119e-05
4.55876e-05
4.55633e-05
4.55391e-05
4.55148e-05
4.54906e-05
4.54664e-05
4.54422e-05
4.5418e-05
4.53938e-05
4.53696e-05
4.53454e-05
4.53213e-05
4.52971e-05
4.5273e-05
4.52489e-05
4.52248e-05
4.52007e-05
4.51766e-05
4.51525e-05
4.51285e-05
4.51044e-05
4.50804e-05
4.50564e-05
4.50324e-05
4.50084e-05
4.49844e-05
4.49604e-05
4.49364e-05
4.49125e-05
4.48885e-05
4.48646e-05
4.48407e-05
4.48168e-05
4.47929e-05
4.4769e-05
4.47451e-05
4.47212e-05
4.46974e-05
4.46735e-05
4.46497e-05
4.46259e-05
4.46021e-05
4.45783e-05
4.45546e-05
4.45311e-05
4.45077e-05
4.44844e-05
4.44611e-05
4.44379e-05
4.44146e-05
4.43914e-05
4.43682e-05
4.4345e-05
4.43218e-05
4.42986e-05
4.42754e-05
4.42523e-05
4.42291e-05
4.4206e-05
4.41828e-05
4.41597e-05
4.41366e-05
4.41135e-05
4.40904e-05
4.40673e-05
4.40443e-05
4.40212e-05
4.39982e-05
4.39751e-05
4.39521e-05
4.39291e-05
4.39061e-05
4.38831e-05
4.38601e-05
4.38372e-05
4.38142e-05
4.37913e-05
4.37683e-05
4.37454e-05
4.37225e-05
4.36996e-05
4.36767e-05
4.36538e-05
4.36309e-05
4.36081e-05
4.35852e-05
4.35624e-05
4.35399e-05
4.35174e-05
4.34949e-05
4.34724e-05
4.34499e-05
4.34275e-05
4.3405e-05
4.33826e-05
4.33602e-05
4.33378e-05
4.33153e-05
4.32929e-05
4.32706e-05
4.32482e-05
4.32258e-05
4.32035e-05
4.31811e-05
4.31588e-05
4.31365e-05
4.31141e-05
4.30918e-05
4.30695e-05
4.30473e-05
4.3025e-05
4.30027e-05
4.29805e-05
4.29582e-05
4.2936e-05
4.29138e-05
4.28916e-05
4.28694e-05
4.28472e-05
4.2825e-05
4.28029e-05
4.27807e-05
4.27586e-05
4.27364e-05
4.27143e-05
4.26922e-05
4.26701e-05
4.2648e-05
4.26259e-05
4.26038e-05
4.25818e-05
4.25597e-05
4.25377e-05
4.25157e-05
4.24937e-05
4.24716e-05
4.24497e-05
4.24277e-05
4.24057e-05
4.23837e-05
4.23618e-05
4.23398e-05
4.23179e-05
4.2296e-05
4.22741e-05
4.22522e-05
4.22303e-05
4.22084e-05
4.21865e-05
4.21647e-05
4.21428e-05
4.2121e-05
4.20992e-05
4.20773e-05
4.20555e-05
4.20337e-05
4.2012e-05
4.19903e-05
4.1969e-05
4.19476e-05
4.19263e-05
4.1905e-05
4.18837e-05
4.18624e-05
4.18411e-05
4.18198e-05
4.17985e-05
4.17773e-05
4.1756e-05
4.17348e-05
4.17135e-05
4.16923e-05
4.16711e-05
4.16499e-05
4.16287e-05
4.16075e-05
4.15864e-05
4.15652e-05
4.1544e-05
4.15229e-05
4.15018e-05
4.14807e-05
4.14595e-05
4.14384e-05
4.14173e-05
4.13963e-05
4.13752e-05
4.13541e-05
4.13331e-05
4.1312e-05
4.1291e-05
4.127e-05
4.1249e-05
4.1228e-05
4.1207e-05
4.1186e-05
4.1165e-05
4.11441e-05
4.11231e-05
4.11022e-05
4.10813e-05
4.10603e-05
4.10394e-05
4.10185e-05
4.09979e-05
4.09773e-05
4.09567e-05
4.09361e-05
4.09155e-05
4.0895e-05
4.08744e-05
4.08539e-05
4.08333e-05
4.08128e-05
4.07923e-05
4.07718e-05
4.07513e-05
4.07308e-05
4.07103e-05
4.06898e-05
4.06693e-05
4.06489e-05
4.06284e-05
4.0608e-05
4.05876e-05
4.05672e-05
4.05467e-05
4.05263e-05
4.0506e-05
4.04856e-05
4.04652e-05
4.04449e-05
4.04245e-05
4.04042e-05
4.03838e-05
4.03635e-05
4.03432e-05
4.03229e-05
4.03026e-05
4.02823e-05
4.02621e-05
4.02418e-05
4.02215e-05
4.02013e-05
4.01811e-05
4.01608e-05
4.01406e-05
4.01204e-05
4.01002e-05
4.008e-05
4.00599e-05
4.00397e-05
4.00196e-05
3.99994e-05
3.99793e-05
3.99591e-05
3.9939e-05
3.99189e-05
3.98988e-05
3.98787e-05
3.98586e-05
3.98386e-05
3.98185e-05
3.97985e-05
3.97784e-05
3.97584e-05
3.97384e-05
3.97184e-05
3.96984e-05
3.96784e-05
3.96584e-05
3.96384e-05
3.96185e-05
3.95988e-05
3.95792e-05
3.95596e-05
3.95401e-05
3.95205e-05
3.95009e-05
3.94814e-05
3.94619e-05
3.94424e-05
3.94228e-05
3.94033e-05
3.93839e-05
3.93644e-05
3.93449e-05
3.93254e-05
3.9306e-05
3.92865e-05
3.92671e-05
3.92477e-05
3.92282e-05
3.92088e-05
3.91894e-05
3.917e-05
3.91506e-05
3.91313e-05
3.91119e-05
3.90926e-05
3.90732e-05
3.90539e-05
3.90345e-05
3.90152e-05
3.89959e-05
3.89766e-05
3.89573e-05
3.8938e-05
3.89188e-05
3.88995e-05
3.88802e-05
3.8861e-05
3.88417e-05
3.88225e-05
3.88033e-05
3.87841e-05
3.87649e-05
3.87457e-05
3.87265e-05
3.87073e-05
3.86882e-05
3.8669e-05
3.86499e-05
3.86307e-05
3.86117e-05
3.85928e-05
3.85739e-05
3.85551e-05
3.85362e-05
3.85174e-05
3.84985e-05
3.84797e-05
3.84609e-05
3.84421e-05
3.84233e-05
3.84045e-05
3.83857e-05
3.83669e-05
3.83481e-05
3.83294e-05
3.83106e-05
3.82919e-05
3.82732e-05
3.82544e-05
3.82357e-05
3.8217e-05
3.81983e-05
3.81796e-05
3.81609e-05
3.81423e-05
3.81236e-05
3.8105e-05
3.80863e-05
3.80677e-05
3.80491e-05
3.80304e-05
3.80118e-05
3.79932e-05
3.79746e-05
3.79561e-05
3.79375e-05
3.79189e-05
3.79004e-05
3.78818e-05
3.78633e-05
3.78447e-05
3.78262e-05
3.78077e-05
3.77892e-05
3.77707e-05
3.77522e-05
3.77337e-05
3.77153e-05
3.76968e-05
3.76784e-05
3.76599e-05
3.76415e-05
3.76231e-05
3.76047e-05
3.75862e-05
3.75679e-05
3.75495e-05
3.75311e-05
3.75127e-05
3.74943e-05
3.7476e-05
3.74576e-05
3.74393e-05
3.7421e-05
3.74027e-05
3.73844e-05
3.73663e-05
3.73483e-05
3.73303e-05
3.73124e-05
3.72944e-05
3.72765e-05
3.72585e-05
3.72406e-05
3.72227e-05
3.72048e-05
3.71869e-05
3.7169e-05
3.71511e-05
3.71332e-05
3.71153e-05
3.70975e-05
3.70796e-05
3.70618e-05
3.70439e-05
3.70261e-05
3.70083e-05
3.69905e-05
3.69727e-05
3.69549e-05
3.69371e-05
3.69193e-05
3.69015e-05
3.68838e-05
3.6866e-05
3.68483e-05
3.68305e-05
3.68128e-05
3.67951e-05
3.67774e-05
3.67597e-05
3.6742e-05
3.67243e-05
3.67066e-05
3.66889e-05
3.66713e-05
3.66536e-05
3.6636e-05
3.66183e-05
3.66007e-05
3.65831e-05
3.65655e-05
3.65479e-05
3.65303e-05
3.65127e-05
3.64951e-05
3.64775e-05
3.646e-05
3.64424e-05
3.64249e-05
3.64073e-05
3.63898e-05
3.63723e-05
3.63548e-05
3.63374e-05
3.63201e-05
3.63028e-05
3.62855e-05
3.62683e-05
3.6251e-05
3.62337e-05
3.62165e-05
3.61993e-05
3.6182e-05
3.61648e-05
3.61476e-05
3.61304e-05
3.61132e-05
3.6096e-05
3.60789e-05
3.60617e-05
3.60445e-05
3.60274e-05
3.60102e-05
3.59931e-05
3.5976e-05
3.59588e-05
3.59417e-05
3.59246e-05
3.59075e-05
3.58904e-05
3.58734e-05
3.58563e-05
3.58392e-05
3.58222e-05
3.58051e-05
3.57881e-05
3.5771e-05
3.5754e-05
3.5737e-05
3.572e-05
3.5703e-05
3.5686e-05
3.5669e-05
3.5652e-05
3.56351e-05
3.56181e-05
3.56012e-05
3.55842e-05
3.55673e-05
3.55503e-05
3.55334e-05
3.55165e-05
3.54996e-05
3.54827e-05
3.54658e-05
3.54489e-05
3.54321e-05
3.54152e-05
3.53983e-05
3.53815e-05
3.53647e-05
3.53478e-05
3.5331e-05
3.53142e-05
3.52974e-05
3.52806e-05
3.52641e-05
3.52476e-05
3.52311e-05
3.52146e-05
3.51981e-05
3.51816e-05
3.51652e-05
3.51487e-05
3.51322e-05
3.51158e-05
3.50994e-05
3.50829e-05
3.50665e-05
3.50501e-05
3.50337e-05
3.50173e-05
3.50009e-05
3.49845e-05
3.49681e-05
3.49517e-05
3.49353e-05
3.4919e-05
3.49026e-05
3.48863e-05
3.487e-05
3.48536e-05
3.48373e-05
3.4821e-05
3.48047e-05
3.47884e-05
3.47721e-05
3.47558e-05
3.47395e-05
3.47233e-05
3.4707e-05
3.46907e-05
3.46745e-05
3.46583e-05
3.4642e-05
3.46258e-05
3.46096e-05
3.45934e-05
3.45772e-05
3.4561e-05
3.45448e-05
3.45286e-05
3.45125e-05
3.44963e-05
3.44801e-05
3.4464e-05
3.44479e-05
3.44317e-05
3.44156e-05
3.43995e-05
3.43834e-05
3.43673e-05
3.43512e-05
3.43351e-05
3.4319e-05
3.43029e-05
3.42869e-05
3.42708e-05
3.42548e-05
3.42387e-05
3.42227e-05
3.42067e-05
3.41907e-05
3.41749e-05
3.41591e-05
3.41433e-05
3.41275e-05
3.41117e-05
3.40959e-05
3.40801e-05
3.40643e-05
3.40485e-05
3.40328e-05
3.4017e-05
3.40013e-05
3.39855e-05
3.39698e-05
3.39541e-05
3.39383e-05
3.39226e-05
3.39069e-05
3.38912e-05
3.38755e-05
3.38598e-05
3.38442e-05
3.38285e-05
3.38128e-05
3.37972e-05
3.37815e-05
3.37659e-05
3.37502e-05
3.37346e-05
3.3719e-05
3.37034e-05
3.36878e-05
3.36722e-05
3.36566e-05
3.3641e-05
3.36254e-05
3.36099e-05
3.35943e-05
3.35787e-05
3.35632e-05
3.35477e-05
3.35321e-05
3.35166e-05
3.35011e-05
3.34856e-05
3.34701e-05
3.34546e-05
3.34391e-05
3.34236e-05
3.34081e-05
3.33927e-05
3.33772e-05
3.33617e-05
3.33463e-05
3.33309e-05
3.33155e-05
3.33004e-05
3.32852e-05
3.327e-05
3.32549e-05
3.32397e-05
3.32245e-05
3.32094e-05
3.31943e-05
3.31791e-05
3.3164e-05
3.31489e-05
3.31338e-05
3.31187e-05
3.31036e-05
3.30885e-05
3.30734e-05
3.30584e-05
3.30433e-05
3.30282e-05
3.30132e-05
3.29981e-05
3.29831e-05
3.29681e-05
3.29531e-05
3.2938e-05
3.2923e-05
3.2908e-05
3.2893e-05
3.2878e-05
3.28631e-05
3.28481e-05
3.28331e-05
3.28181e-05
3.28032e-05
3.27882e-05
3.27733e-05
3.27584e-05
3.27434e-05
3.27285e-05
3.27136e-05
3.26987e-05
3.26838e-05
3.26689e-05
3.2654e-05
3.26391e-05
3.26243e-05
3.26094e-05
3.25945e-05
3.25797e-05
3.25648e-05
3.255e-05
3.25352e-05
3.25203e-05
3.25055e-05
3.24907e-05
3.24759e-05
3.24611e-05
3.24463e-05
3.24315e-05
3.24168e-05
3.2402e-05
3.23872e-05
3.23725e-05
3.23577e-05
3.2343e-05
3.23282e-05
3.23135e-05
3.22988e-05
3.22841e-05
3.22694e-05
3.22547e-05
3.224e-05
3.22253e-05
3.22106e-05
3.21959e-05
3.21812e-05
3.21667e-05
3.21522e-05
3.21377e-05
3.21232e-05
3.21087e-05
3.20943e-05
3.20798e-05
3.20653e-05
3.20509e-05
3.20364e-05
3.2022e-05
3.20076e-05
3.19932e-05
3.19787e-05
3.19643e-05
3.19499e-05
3.19355e-05
3.19211e-05
3.19068e-05
3.18924e-05
3.1878e-05
3.18636e-05
3.18493e-05
3.18349e-05
3.18206e-05
3.18063e-05
3.17919e-05
3.17776e-05
3.17633e-05
3.1749e-05
3.17347e-05
3.17204e-05
3.17061e-05
3.16918e-05
3.16775e-05
3.16633e-05
3.1649e-05
3.16347e-05
3.16205e-05
3.16062e-05
3.1592e-05
3.15778e-05
3.15635e-05
3.15493e-05
3.15351e-05
3.15209e-05
3.15067e-05
3.14925e-05
3.14784e-05
3.14644e-05
3.14505e-05
3.14365e-05
3.14226e-05
3.14086e-05
3.13947e-05
3.13808e-05
3.13668e-05
3.13529e-05
3.1339e-05
3.13251e-05
3.13112e-05
3.12973e-05
3.12834e-05
3.12696e-05
3.12557e-05
3.12418e-05
3.12279e-05
3.12141e-05
3.12002e-05
3.11864e-05
3.11726e-05
3.11587e-05
3.11449e-05
3.11311e-05
3.11173e-05
3.11035e-05
3.10897e-05
3.10759e-05
3.10621e-05
3.10483e-05
3.10345e-05
3.10208e-05
3.1007e-05
3.09933e-05
3.09795e-05
3.09658e-05
3.0952e-05
3.09383e-05
3.09246e-05
3.09109e-05
3.08972e-05
3.08835e-05
3.08698e-05
3.08561e-05
3.08424e-05
3.08287e-05
3.0815e-05
3.08014e-05
3.07877e-05
3.0774e-05
3.07604e-05
3.07467e-05
3.07331e-05
3.07195e-05
3.07059e-05
3.06922e-05
3.06786e-05
3.0665e-05
3.06514e-05
3.06378e-05
3.06242e-05
3.06107e-05
3.05971e-05
3.05835e-05
3.057e-05
3.05564e-05
3.05428e-05
3.05293e-05
3.05158e-05
3.05022e-05
3.04887e-05
3.04752e-05
3.04617e-05
3.04482e-05
3.04347e-05
3.04212e-05
3.04077e-05
3.03942e-05
3.03807e-05
3.03673e-05
3.03538e-05
3.03404e-05
3.03269e-05
3.03135e-05
3.03e-05
3.02866e-05
3.02732e-05
3.02598e-05
3.02465e-05
3.02332e-05
3.022e-05
3.02067e-05
3.01935e-05
3.01802e-05
3.0167e-05
3.01537e-05
3.01405e-05
3.01273e-05
3.01141e-05
3.01009e-05
3.00877e-05
3.00745e-05
3.00613e-05
3.00481e-05
3.00349e-05
3.00217e-05
3.00086e-05
2.99954e-05
2.99823e-05
2.99691e-05
2.9956e-05
2.99428e-05
2.99297e-05
2.99166e-05
2.99035e-05
2.98904e-05
2.98774e-05
2.98643e-05
2.98513e-05
2.98382e-05
2.98252e-05
2.98122e-05
2.97992e-05
2.97862e-05
2.97732e-05
2.97602e-05
2.97472e-05
2.97342e-05
2.97212e-05
2.97082e-05
2.96953e-05
2.96825e-05
2.96696e-05
2.96568e-05
2.9644e-05
2.96312e-05
2.96184e-05
2.96056e-05
2.95928e-05
2.958e-05
2.95672e-05
2.95545e-05
2.95417e-05
2.95289e-05
2.95162e-05
2.95034e-05
2.94907e-05
2.94779e-05
2.94652e-05
2.94525e-05
2.94397e-05
2.9427e-05
2.94143e-05
2.94016e-05
2.93889e-05
2.93762e-05
2.93635e-05
2.93508e-05
2.93381e-05
2.93255e-05
2.93128e-05
2.93001e-05
2.92875e-05
2.92748e-05
2.92622e-05
2.92495e-05
2.92369e-05
2.92243e-05
2.92117e-05
2.9199e-05
2.91864e-05
2.91738e-05
2.91612e-05
2.91486e-05
2.9136e-05
2.91235e-05
2.91109e-05
2.90983e-05
2.90857e-05
2.90732e-05
2.90606e-05
2.90481e-05
2.90355e-05
2.9023e-05
2.90105e-05
2.89979e-05
2.89854e-05
2.89729e-05
2.89604e-05
2.89479e-05
2.89354e-05
2.89229e-05
2.89104e-05
2.88979e-05
2.88855e-05
2.8873e-05
2.88605e-05
2.88481e-05
2.88356e-05
2.88232e-05
2.88107e-05
2.87983e-05
2.87858e-05
2.87734e-05
2.8761e-05
2.87486e-05
2.87362e-05
2.87238e-05
2.87114e-05
2.8699e-05
2.86866e-05
2.86742e-05
2.86619e-05
2.86495e-05
2.86371e-05
2.86248e-05
2.86124e-05
2.86001e-05
2.85877e-05
2.85754e-05
2.85631e-05
2.85507e-05
2.85384e-05
2.85261e-05
2.85138e-05
2.85016e-05
2.84895e-05
2.84774e-05
2.84653e-05
2.84532e-05
2.84411e-05
2.8429e-05
2.84169e-05
2.84048e-05
2.83927e-05
2.83806e-05
2.83685e-05
2.83565e-05
2.83444e-05
2.83324e-05
2.83203e-05
2.83083e-05
2.82962e-05
2.82842e-05
2.82721e-05
2.82601e-05
2.82481e-05
2.82361e-05
2.82241e-05
2.82121e-05
2.82001e-05
2.81881e-05
2.81761e-05
2.81641e-05
2.81521e-05
2.81402e-05
2.81282e-05
2.81162e-05
2.81043e-05
2.80923e-05
2.80804e-05
2.80684e-05
2.80565e-05
2.80446e-05
2.80326e-05
2.80207e-05
2.80088e-05
2.79969e-05
2.7985e-05
2.79731e-05
2.79612e-05
2.79493e-05
2.79376e-05
2.79258e-05
2.7914e-05
2.79023e-05
2.78905e-05
2.78788e-05
2.78671e-05
2.78553e-05
2.78436e-05
2.78319e-05
2.78202e-05
2.78085e-05
2.77968e-05
2.77851e-05
2.77734e-05
2.77617e-05
2.775e-05
2.77383e-05
2.77267e-05
2.7715e-05
2.77033e-05
2.76917e-05
2.768e-05
2.76684e-05
2.76567e-05
2.76451e-05
2.76335e-05
2.76218e-05
2.76102e-05
2.75986e-05
2.7587e-05
2.75754e-05
2.75638e-05
2.75522e-05
2.75406e-05
2.7529e-05
2.75174e-05
2.75058e-05
2.74943e-05
2.74827e-05
2.74712e-05
2.74596e-05
2.7448e-05
2.74365e-05
2.7425e-05
2.74134e-05
2.74019e-05
2.73904e-05
2.73789e-05
2.73673e-05
2.73558e-05
2.73443e-05
2.73328e-05
2.73213e-05
2.73099e-05
2.72984e-05
2.72869e-05
2.72754e-05
2.72639e-05
2.72525e-05
2.7241e-05
2.72296e-05
2.72181e-05
2.72067e-05
2.71952e-05
2.71838e-05
2.71724e-05
2.7161e-05
2.71496e-05
2.71381e-05
2.71267e-05
2.71153e-05
2.71039e-05
2.70925e-05
2.70812e-05
2.70698e-05
2.70584e-05
2.7047e-05
2.70357e-05
2.70243e-05
2.70129e-05
2.70016e-05
2.69902e-05
2.69789e-05
2.69676e-05
2.69564e-05
2.69452e-05
2.6934e-05
2.69229e-05
2.69117e-05
2.69006e-05
2.68894e-05
2.68783e-05
2.68671e-05
2.6856e-05
2.68448e-05
2.68337e-05
2.68226e-05
2.68115e-05
2.68004e-05
2.67893e-05
2.67781e-05
2.67671e-05
2.6756e-05
2.67449e-05
2.67338e-05
2.67227e-05
2.67116e-05
2.67006e-05
2.66895e-05
2.66784e-05
2.66674e-05
2.66563e-05
2.66453e-05
2.66342e-05
2.66232e-05
2.66122e-05
2.66011e-05
2.65901e-05
2.65791e-05
2.65681e-05
2.65571e-05
2.65461e-05
2.65351e-05
2.65241e-05
2.65131e-05
2.65021e-05
2.64912e-05
2.64802e-05
2.64692e-05
2.64582e-05
2.64473e-05
2.64363e-05
2.64254e-05
2.64144e-05
2.64035e-05
2.63926e-05
2.63816e-05
2.63707e-05
2.63598e-05
2.63489e-05
2.6338e-05
2.63271e-05
2.63162e-05
2.63053e-05
2.62944e-05
2.62836e-05
2.62728e-05
2.6262e-05
2.62512e-05
2.62405e-05
2.62297e-05
2.6219e-05
2.62082e-05
2.61975e-05
2.61867e-05
2.6176e-05
2.61652e-05
2.61545e-05
2.61438e-05
2.61331e-05
2.61224e-05
2.61116e-05
2.61009e-05
2.60902e-05
2.60795e-05
2.60688e-05
2.60582e-05
2.60475e-05
2.60368e-05
2.60261e-05
2.60155e-05
2.60048e-05
2.59941e-05
2.59835e-05
2.59728e-05
2.59622e-05
2.59515e-05
2.59409e-05
2.59303e-05
2.59197e-05
2.5909e-05
2.58984e-05
2.58878e-05
2.58772e-05
2.58666e-05
2.5856e-05
2.58454e-05
2.58348e-05
2.58242e-05
2.58136e-05
2.58031e-05
2.57925e-05
2.57819e-05
2.57714e-05
2.57608e-05
2.57503e-05
2.57397e-05
2.57292e-05
2.57186e-05
2.57081e-05
2.56976e-05
2.5687e-05
2.56765e-05
2.5666e-05
2.56555e-05
2.5645e-05
2.56345e-05
2.5624e-05
2.56135e-05
2.5603e-05
2.55925e-05
2.5582e-05
2.55716e-05
2.55611e-05
2.55506e-05
2.55402e-05
2.55297e-05
2.55193e-05
2.55089e-05
2.54986e-05
2.54883e-05
2.5478e-05
2.54677e-05
2.54574e-05
2.54471e-05
2.54368e-05
2.54266e-05
2.54163e-05
2.5406e-05
2.53958e-05
2.53855e-05
2.53752e-05
2.5365e-05
2.53547e-05
2.53445e-05
2.53343e-05
2.5324e-05
2.53138e-05
2.53036e-05
2.52933e-05
2.52831e-05
2.52729e-05
2.52627e-05
2.52525e-05
2.52423e-05
2.52321e-05
2.52219e-05
2.52117e-05
2.52015e-05
2.51914e-05
2.51812e-05
2.5171e-05
2.51608e-05
2.51507e-05
2.51405e-05
2.51304e-05
2.51202e-05
2.51101e-05
2.50999e-05
2.50898e-05
2.50797e-05
2.50696e-05
2.50594e-05
2.50493e-05
2.50392e-05
2.50291e-05
2.5019e-05
2.50089e-05
2.49988e-05
2.49887e-05
2.49786e-05
2.49685e-05
2.49585e-05
2.49484e-05
2.49383e-05
2.49282e-05
2.49182e-05
2.49081e-05
2.48981e-05
2.4888e-05
2.4878e-05
2.48679e-05
2.48579e-05
2.48479e-05
2.48379e-05
2.48278e-05
2.48178e-05
2.48078e-05
2.47978e-05
2.47878e-05
2.47778e-05
2.47678e-05
2.47578e-05
2.47478e-05
2.47378e-05
2.47279e-05
2.4718e-05
2.47081e-05
2.46982e-05
2.46883e-05
2.46785e-05
2.46686e-05
2.46587e-05
2.46489e-05
2.4639e-05
2.46292e-05
2.46193e-05
2.46095e-05
2.45997e-05
2.45898e-05
2.458e-05
2.45702e-05
2.45604e-05
2.45506e-05
2.45408e-05
2.45309e-05
2.45211e-05
2.45114e-05
2.45016e-05
2.44918e-05
2.4482e-05
2.44722e-05
2.44624e-05
2.44527e-05
2.44429e-05
2.44331e-05
2.44234e-05
2.44136e-05
2.44039e-05
2.43941e-05
2.43844e-05
2.43746e-05
2.43649e-05
2.43552e-05
2.43455e-05
2.43357e-05
2.4326e-05
2.43163e-05
2.43066e-05
2.42969e-05
2.42872e-05
2.42775e-05
2.42678e-05
2.42581e-05
2.42484e-05
2.42388e-05
2.42291e-05
2.42194e-05
2.42097e-05
2.42001e-05
2.41904e-05
2.41808e-05
2.41711e-05
2.41615e-05
2.41519e-05
2.41424e-05
2.41328e-05
2.41233e-05
2.41138e-05
2.41043e-05
2.40948e-05
2.40853e-05
2.40758e-05
2.40663e-05
2.40568e-05
2.40474e-05
2.40379e-05
2.40284e-05
2.40189e-05
2.40095e-05
2.4e-05
2.39906e-05
2.39811e-05
2.39717e-05
2.39622e-05
2.39528e-05
2.39433e-05
2.39339e-05
2.39245e-05
2.3915e-05
2.39056e-05
2.38962e-05
2.38868e-05
2.38774e-05
2.3868e-05
2.38586e-05
2.38492e-05
2.38398e-05
2.38304e-05
2.3821e-05
2.38116e-05
2.38023e-05
2.37929e-05
2.37835e-05
2.37741e-05
2.37648e-05
2.37554e-05
2.37461e-05
2.37367e-05
2.37274e-05
2.3718e-05
2.37087e-05
2.36994e-05
2.369e-05
2.36807e-05
2.36714e-05
2.36621e-05
2.36527e-05
2.36434e-05
2.36341e-05
2.36248e-05
2.36155e-05
2.36062e-05
2.35969e-05
2.35877e-05
2.35784e-05
2.35691e-05
2.35598e-05
2.35506e-05
2.35413e-05
2.3532e-05
2.35228e-05
2.35135e-05
2.35043e-05
2.3495e-05
2.34858e-05
2.34765e-05
2.34673e-05
2.34581e-05
2.34488e-05
2.34396e-05
2.34304e-05
2.34212e-05
2.3412e-05
2.34028e-05
2.33935e-05
2.33843e-05
2.33751e-05
2.3366e-05
2.33568e-05
2.33476e-05
2.33384e-05
2.33292e-05
2.33201e-05
2.33109e-05
2.33017e-05
2.32926e-05
2.32834e-05
2.32742e-05
2.32651e-05
2.3256e-05
2.32468e-05
2.32377e-05
2.32287e-05
2.32196e-05
2.32106e-05
2.32015e-05
2.31925e-05
2.31835e-05
2.31744e-05
2.31654e-05
2.31564e-05
2.31474e-05
2.31383e-05
2.31293e-05
2.31203e-05
2.31113e-05
2.31023e-05
2.30933e-05
2.30843e-05
2.30753e-05
2.30663e-05
2.30573e-05
2.30484e-05
2.30394e-05
2.30304e-05
2.30214e-05
2.30125e-05
2.30035e-05
2.29946e-05
2.29856e-05
2.29767e-05
2.29677e-05
2.29588e-05
2.29498e-05
2.29409e-05
2.2932e-05
2.2923e-05
2.29141e-05
2.29052e-05
2.28963e-05
2.28874e-05
2.28785e-05
2.28696e-05
2.28608e-05
2.2852e-05
2.28432e-05
2.28345e-05
2.28257e-05
2.28169e-05
2.28081e-05
2.27993e-05
2.27906e-05
2.27818e-05
2.27731e-05
2.27643e-05
2.27555e-05
2.27468e-05
2.2738e-05
2.27293e-05
2.27206e-05
2.27118e-05
2.27031e-05
2.26944e-05
2.26856e-05
2.26769e-05
2.26682e-05
2.26595e-05
2.26508e-05
2.26421e-05
2.26334e-05
2.26247e-05
2.2616e-05
2.26073e-05
2.25986e-05
2.25899e-05
2.25812e-05
2.25725e-05
2.25639e-05
2.25552e-05
2.25465e-05
2.25379e-05
2.25292e-05
2.25205e-05
2.25119e-05
2.25032e-05
2.24946e-05
2.2486e-05
2.24773e-05
2.24687e-05
2.246e-05
2.24514e-05
2.24428e-05
2.24342e-05
2.24256e-05
2.24169e-05
2.24083e-05
2.23997e-05
2.23911e-05
2.23825e-05
2.23739e-05
2.23653e-05
2.23567e-05
2.23482e-05
2.23396e-05
2.2331e-05
2.23224e-05
2.23139e-05
2.23053e-05
2.22967e-05
2.22882e-05
2.22796e-05
2.22711e-05
2.22625e-05
2.2254e-05
2.22454e-05
2.22369e-05
2.22283e-05
2.22198e-05
2.22113e-05
2.22028e-05
2.21942e-05
2.21857e-05
2.21772e-05
2.21687e-05
2.21602e-05
2.21517e-05
2.21432e-05
2.21347e-05
2.21262e-05
2.21177e-05
2.21092e-05
2.21007e-05
2.20923e-05
2.20838e-05
2.20753e-05
2.20668e-05
2.20584e-05
2.20499e-05
2.20415e-05
2.2033e-05
2.20246e-05
2.20161e-05
2.20077e-05
2.19992e-05
2.19908e-05
2.19824e-05
2.19739e-05
2.19655e-05
2.19571e-05
2.19487e-05
2.19403e-05
2.19318e-05
2.19234e-05
2.1915e-05
2.19067e-05
2.18984e-05
2.18901e-05
2.18818e-05
2.18735e-05
2.18652e-05
2.18569e-05
2.18486e-05
2.18404e-05
2.18321e-05
2.18238e-05
2.18155e-05
2.18073e-05
2.1799e-05
2.17907e-05
2.17825e-05
2.17742e-05
2.1766e-05
2.17577e-05
2.17495e-05
2.17413e-05
2.1733e-05
2.17248e-05
2.17166e-05
2.17083e-05
2.17001e-05
2.16919e-05
2.16837e-05
2.16755e-05
2.16673e-05
2.16591e-05
2.16509e-05
2.16427e-05
2.16345e-05
2.16263e-05
2.16181e-05
2.16099e-05
2.16017e-05
2.15935e-05
2.15854e-05
2.15772e-05
2.1569e-05
2.15609e-05
2.15527e-05
2.15445e-05
2.15364e-05
2.15282e-05
2.15201e-05
2.1512e-05
2.15039e-05
2.14958e-05
2.14878e-05
2.14797e-05
2.14716e-05
2.14636e-05
2.14555e-05
2.14475e-05
2.14394e-05
2.14314e-05
2.14233e-05
2.14153e-05
2.14073e-05
2.13992e-05
2.13912e-05
2.13832e-05
2.13751e-05
2.13671e-05
2.13591e-05
2.13511e-05
2.13431e-05
2.13351e-05
2.13271e-05
2.13191e-05
2.13111e-05
2.13031e-05
2.12951e-05
2.12871e-05
2.12791e-05
2.12711e-05
2.12632e-05
2.12552e-05
2.12472e-05
2.12392e-05
2.12313e-05
2.12233e-05
2.12154e-05
2.12074e-05
2.11995e-05
2.11915e-05
2.11836e-05
2.11756e-05
2.11677e-05
2.11597e-05
2.11518e-05
2.11439e-05
2.1136e-05
2.1128e-05
2.11201e-05
2.11122e-05
2.11043e-05
2.10964e-05
2.10885e-05
2.10806e-05
2.10727e-05
2.10648e-05
2.10569e-05
2.1049e-05
2.10411e-05
2.10332e-05
2.10253e-05
2.10175e-05
2.10096e-05
2.10017e-05
2.09938e-05
2.0986e-05
2.09781e-05
2.09703e-05
2.09624e-05
2.09546e-05
2.09467e-05
2.09389e-05
2.0931e-05
2.09232e-05
2.09153e-05
2.09075e-05
2.08997e-05
2.08919e-05
2.0884e-05
2.08762e-05
2.08684e-05
2.08606e-05
2.08528e-05
2.0845e-05
2.08372e-05
2.08294e-05
2.08216e-05
2.08138e-05
2.0806e-05
2.07982e-05
2.07904e-05
2.07826e-05
2.07748e-05
2.07671e-05
2.07593e-05
2.07516e-05
2.07439e-05
2.07362e-05
2.07285e-05
2.07208e-05
2.07132e-05
2.07055e-05
2.06978e-05
2.06902e-05
2.06825e-05
2.06749e-05
2.06672e-05
2.06596e-05
2.06519e-05
2.06443e-05
2.06366e-05
2.0629e-05
2.06214e-05
2.06137e-05
2.06061e-05
2.05985e-05
2.05909e-05
2.05833e-05
2.05756e-05
2.0568e-05
2.05604e-05
2.05528e-05
2.05452e-05
2.05376e-05
2.053e-05
2.05224e-05
2.05148e-05
2.05073e-05
2.04997e-05
2.04921e-05
2.04845e-05
2.04769e-05
2.04694e-05
2.04618e-05
2.04542e-05
2.04467e-05
2.04391e-05
2.04315e-05
2.0424e-05
2.04164e-05
2.04089e-05
2.04014e-05
2.03938e-05
2.03863e-05
2.03787e-05
2.03712e-05
2.03637e-05
2.03562e-05
2.03486e-05
2.03411e-05
2.03336e-05
2.03261e-05
2.03186e-05
2.03111e-05
2.03036e-05
2.02961e-05
2.02886e-05
2.02811e-05
2.02736e-05
2.02661e-05
2.02586e-05
2.02511e-05
2.02436e-05
2.02361e-05
2.02287e-05
2.02212e-05
2.02138e-05
2.02064e-05
2.0199e-05
2.01916e-05
2.01842e-05
2.01768e-05
2.01694e-05
2.0162e-05
2.01546e-05
2.01472e-05
2.01398e-05
2.01325e-05
2.01251e-05
2.01177e-05
2.01103e-05
2.0103e-05
2.00956e-05
2.00882e-05
2.00809e-05
2.00735e-05
2.00662e-05
2.00588e-05
2.00515e-05
2.00441e-05
2.00368e-05
2.00295e-05
2.00221e-05
2.00148e-05
2.00075e-05
2.00001e-05
1.99928e-05
1.99855e-05
1.99782e-05
1.99709e-05
1.99636e-05
1.99562e-05
1.99489e-05
1.99416e-05
1.99343e-05
1.9927e-05
1.99197e-05
1.99125e-05
1.99052e-05
1.98979e-05
1.98906e-05
1.98833e-05
1.9876e-05
1.98688e-05
1.98615e-05
1.98542e-05
1.9847e-05
1.98397e-05
1.98324e-05
1.98252e-05
1.98179e-05
1.98107e-05
1.98034e-05
1.97962e-05
1.9789e-05
1.97817e-05
1.97745e-05
1.97672e-05
1.976e-05
1.97528e-05
1.97456e-05
1.97383e-05
1.97311e-05
1.97239e-05
1.97167e-05
1.97095e-05
1.97023e-05
1.96951e-05
1.96879e-05
1.96807e-05
1.96735e-05
1.96663e-05
1.96591e-05
1.9652e-05
1.96449e-05
1.96378e-05
1.96307e-05
1.96236e-05
1.96165e-05
1.96094e-05
1.96023e-05
1.95952e-05
1.95881e-05
1.9581e-05
1.95739e-05
1.95669e-05
1.95598e-05
1.95527e-05
1.95456e-05
1.95386e-05
1.95315e-05
1.95244e-05
1.95174e-05
1.95103e-05
1.95033e-05
1.94962e-05
1.94892e-05
1.94821e-05
1.94751e-05
1.9468e-05
1.9461e-05
1.9454e-05
1.94469e-05
1.94399e-05
1.94329e-05
1.94259e-05
1.94188e-05
1.94118e-05
1.94048e-05
1.93978e-05
1.93908e-05
1.93838e-05
1.93768e-05
1.93698e-05
1.93628e-05
1.93558e-05
1.93488e-05
1.93418e-05
1.93348e-05
1.93278e-05
1.93208e-05
1.93139e-05
1.93069e-05
1.92999e-05
1.92929e-05
1.9286e-05
1.9279e-05
1.9272e-05
1.92651e-05
1.92581e-05
1.92512e-05
1.92442e-05
1.92373e-05
1.92303e-05
1.92234e-05
1.92164e-05
1.92095e-05
1.92026e-05
1.91956e-05
1.91887e-05
1.91818e-05
1.91748e-05
1.91679e-05
1.9161e-05
1.91541e-05
1.91472e-05
1.91403e-05
1.91334e-05
1.91265e-05
1.91195e-05
1.91126e-05
1.91058e-05
1.90989e-05
1.9092e-05
1.90851e-05
1.90782e-05
1.90713e-05
1.90644e-05
1.90575e-05
1.90507e-05
1.90438e-05
1.90369e-05
1.90301e-05
1.90232e-05
1.90163e-05
1.90095e-05
1.90026e-05
1.89958e-05
1.89889e-05
1.89821e-05
1.89753e-05
1.89685e-05
1.89617e-05
1.89549e-05
1.89482e-05
1.89414e-05
1.89346e-05
1.89278e-05
1.8921e-05
1.89143e-05
1.89075e-05
1.89007e-05
1.8894e-05
1.88872e-05
1.88804e-05
1.88737e-05
1.88669e-05
1.88602e-05
1.88534e-05
1.88467e-05
1.884e-05
1.88332e-05
1.88265e-05
1.88197e-05
1.8813e-05
1.88063e-05
1.87995e-05
1.87928e-05
1.87861e-05
1.87794e-05
1.87727e-05
1.8766e-05
1.87592e-05
1.87525e-05
1.87458e-05
1.87391e-05
1.87324e-05
1.87257e-05
1.8719e-05
1.87123e-05
1.87056e-05
1.8699e-05
1.86923e-05
1.86856e-05
1.86789e-05
1.86722e-05
1.86656e-05
1.86589e-05
1.86522e-05
1.86456e-05
1.86389e-05
1.86322e-05
1.86256e-05
1.8619e-05
1.86124e-05
1.86058e-05
1.85992e-05
1.85926e-05
1.85861e-05
1.85795e-05
1.85729e-05
1.85663e-05
1.85598e-05
1.85532e-05
1.85466e-05
1.85401e-05
1.85335e-05
1.8527e-05
1.85204e-05
1.85139e-05
1.85073e-05
1.85008e-05
1.84942e-05
1.84877e-05
1.84811e-05
1.84746e-05
1.84681e-05
1.84615e-05
1.8455e-05
1.84485e-05
1.8442e-05
1.84355e-05
1.84289e-05
1.84224e-05
1.84159e-05
1.84094e-05
1.84029e-05
1.83964e-05
1.83899e-05
1.83834e-05
1.83769e-05
1.83704e-05
1.83639e-05
1.83574e-05
1.83509e-05
1.83444e-05
1.8338e-05
1.83315e-05
1.8325e-05
1.83185e-05
1.8312e-05
1.83056e-05
1.82991e-05
1.82926e-05
1.82862e-05
1.82797e-05
1.82733e-05
1.82668e-05
1.82604e-05
1.82539e-05
1.82475e-05
1.8241e-05
1.82346e-05
1.82281e-05
1.82217e-05
1.82153e-05
1.82088e-05
1.82024e-05
1.8196e-05
1.81895e-05
1.81831e-05
1.81767e-05
1.81703e-05
1.81639e-05
1.81575e-05
1.8151e-05
1.81446e-05
1.81382e-05
1.81318e-05
1.81254e-05
1.8119e-05
1.81126e-05
1.81062e-05
1.80999e-05
1.80935e-05
1.80871e-05
1.80807e-05
1.80743e-05
1.80679e-05
1.80616e-05
1.80552e-05
1.80488e-05
1.80424e-05
1.80361e-05
1.80297e-05
1.80234e-05
1.8017e-05
1.80106e-05
1.80043e-05
1.79979e-05
1.79916e-05
1.79852e-05
1.79789e-05
1.79726e-05
1.79662e-05
1.79599e-05
1.79536e-05
1.79472e-05
1.79409e-05
1.79346e-05
1.79282e-05
1.79219e-05
1.79156e-05
1.79093e-05
1.7903e-05
1.78967e-05
1.78903e-05
1.7884e-05
1.78777e-05
1.78714e-05
1.78651e-05
1.78588e-05
1.78525e-05
1.78463e-05
1.784e-05
1.78337e-05
1.78274e-05
1.78211e-05
1.78148e-05
1.78086e-05
1.78024e-05
1.77962e-05
1.77899e-05
1.77837e-05
1.77775e-05
1.77713e-05
1.77651e-05
1.77589e-05
1.77527e-05
1.77465e-05
1.77403e-05
1.77341e-05
1.7728e-05
1.77218e-05
1.77156e-05
1.77094e-05
1.77032e-05
1.76971e-05
1.76909e-05
1.76847e-05
1.76785e-05
1.76724e-05
1.76662e-05
1.766e-05
1.76539e-05
1.76477e-05
1.76416e-05
1.76354e-05
1.76293e-05
1.76231e-05
1.7617e-05
1.76108e-05
1.76047e-05
1.75986e-05
1.75924e-05
1.75863e-05
1.75802e-05
1.75741e-05
1.7568e-05
1.75619e-05
1.75558e-05
1.75497e-05
1.75437e-05
1.75376e-05
1.75315e-05
1.75254e-05
1.75194e-05
1.75133e-05
1.75072e-05
1.75012e-05
1.74951e-05
1.74891e-05
1.7483e-05
1.7477e-05
1.74709e-05
1.74649e-05
1.74588e-05
1.74528e-05
1.74468e-05
1.74407e-05
1.74347e-05
1.74287e-05
1.74226e-05
1.74166e-05
1.74106e-05
1.74045e-05
1.73985e-05
1.73925e-05
1.73865e-05
1.73805e-05
1.73745e-05
1.73685e-05
1.73624e-05
1.73564e-05
1.73504e-05
1.73444e-05
1.73384e-05
1.73324e-05
1.73265e-05
1.73205e-05
1.73145e-05
1.73085e-05
1.73025e-05
1.72965e-05
1.72905e-05
1.72846e-05
1.72786e-05
1.72726e-05
1.72666e-05
1.72607e-05
1.72547e-05
1.72487e-05
1.72428e-05
1.72368e-05
1.72309e-05
1.72249e-05
1.7219e-05
1.7213e-05
1.72071e-05
1.72011e-05
1.71952e-05
1.71892e-05
1.71833e-05
1.71773e-05
1.71714e-05
1.71655e-05
1.71595e-05
1.71536e-05
1.71477e-05
1.71418e-05
1.71358e-05
1.71299e-05
1.7124e-05
1.71181e-05
1.71122e-05
1.71063e-05
1.71004e-05
1.70945e-05
1.70886e-05
1.70827e-05
1.70768e-05
1.70709e-05
1.7065e-05
1.70591e-05
1.70532e-05
1.70473e-05
1.70414e-05
1.70355e-05
1.70296e-05
1.70238e-05
1.70179e-05
1.7012e-05
1.70061e-05
1.70003e-05
1.69944e-05
1.69885e-05
1.69827e-05
1.69768e-05
1.69709e-05
1.69651e-05
1.69592e-05
1.69534e-05
1.69475e-05
1.69417e-05
1.69358e-05
1.693e-05
1.69242e-05
1.69183e-05
1.69125e-05
1.69066e-05
1.69008e-05
1.6895e-05
1.68892e-05
1.68833e-05
1.68775e-05
1.68717e-05
1.68659e-05
1.686e-05
1.68543e-05
1.68485e-05
1.68428e-05
1.6837e-05
1.68313e-05
1.68255e-05
1.68198e-05
1.6814e-05
1.68083e-05
1.68025e-05
1.67968e-05
1.6791e-05
1.67853e-05
1.67796e-05
1.67738e-05
1.67681e-05
1.67624e-05
1.67566e-05
1.67509e-05
1.67452e-05
1.67395e-05
1.67338e-05
1.6728e-05
1.67223e-05
1.67166e-05
1.67109e-05
1.67052e-05
1.66995e-05
1.66938e-05
1.66881e-05
1.66824e-05
1.66767e-05
1.6671e-05
1.66653e-05
1.66596e-05
1.66539e-05
1.66482e-05
1.66426e-05
1.66369e-05
1.66312e-05
1.66255e-05
1.66198e-05
1.66142e-05
1.66085e-05
1.66028e-05
1.65972e-05
1.65915e-05
1.65858e-05
1.65802e-05
1.65745e-05
1.65689e-05
1.65632e-05
1.65576e-05
1.65519e-05
1.65463e-05
1.65406e-05
1.6535e-05
1.65293e-05
1.65237e-05
1.65181e-05
1.65124e-05
1.65068e-05
1.65012e-05
1.64955e-05
1.64899e-05
1.64843e-05
1.64786e-05
1.6473e-05
1.64675e-05
1.64619e-05
1.64563e-05
1.64507e-05
1.64452e-05
1.64396e-05
1.6434e-05
1.64284e-05
1.64229e-05
1.64173e-05
1.64118e-05
1.64062e-05
1.64006e-05
1.63951e-05
1.63895e-05
1.6384e-05
1.63784e-05
1.63729e-05
1.63673e-05
1.63618e-05
1.63563e-05
1.63507e-05
1.63452e-05
1.63396e-05
1.63341e-05
1.63286e-05
1.6323e-05
1.63175e-05
1.6312e-05
1.63065e-05
1.6301e-05
1.62954e-05
1.62899e-05
1.62844e-05
1.62789e-05
1.62734e-05
1.62679e-05
1.62624e-05
1.62569e-05
1.62514e-05
1.62459e-05
1.62404e-05
1.62349e-05
1.62294e-05
1.62239e-05
1.62184e-05
1.62129e-05
1.62074e-05
1.62019e-05
1.61964e-05
1.6191e-05
1.61855e-05
1.618e-05
1.61745e-05
1.61691e-05
1.61636e-05
1.61581e-05
1.61527e-05
1.61472e-05
1.61417e-05
1.61363e-05
1.61308e-05
1.61254e-05
1.61199e-05
1.61145e-05
1.6109e-05
1.61036e-05
1.60981e-05
1.60927e-05
1.60872e-05
1.60818e-05
1.60763e-05
1.60709e-05
1.60655e-05
1.606e-05
1.60546e-05
1.60492e-05
1.60438e-05
1.60383e-05
1.60329e-05
1.60275e-05
1.60221e-05
1.60167e-05
1.60113e-05
1.60058e-05
1.60004e-05
1.5995e-05
1.59896e-05
1.59842e-05
1.59788e-05
1.59734e-05
1.5968e-05
1.59626e-05
1.59572e-05
1.59518e-05
1.59465e-05
1.59411e-05
1.59358e-05
1.59305e-05
1.59251e-05
1.59198e-05
1.59145e-05
1.59091e-05
1.59038e-05
1.58985e-05
1.58932e-05
1.58878e-05
1.58825e-05
1.58772e-05
1.58719e-05
1.58666e-05
1.58613e-05
1.58559e-05
1.58506e-05
1.58453e-05
1.584e-05
1.58347e-05
1.58294e-05
1.58241e-05
1.58188e-05
1.58135e-05
1.58082e-05
1.58029e-05
1.57976e-05
1.57924e-05
1.57871e-05
1.57818e-05
1.57765e-05
1.57712e-05
1.5766e-05
1.57607e-05
1.57554e-05
1.57501e-05
1.57449e-05
1.57396e-05
1.57343e-05
1.57291e-05
1.57238e-05
1.57185e-05
1.57133e-05
1.5708e-05
1.57028e-05
1.56975e-05
1.56923e-05
1.5687e-05
1.56818e-05
1.56765e-05
1.56713e-05
1.5666e-05
1.56608e-05
1.56556e-05
1.56503e-05
1.56451e-05
1.56399e-05
1.56346e-05
1.56294e-05
1.56242e-05
1.56189e-05
1.56137e-05
1.56085e-05
1.56033e-05
1.55981e-05
1.55929e-05
1.55876e-05
1.55824e-05
1.55772e-05
1.5572e-05
1.55668e-05
1.55616e-05
1.55564e-05
1.55512e-05
1.5546e-05
1.55408e-05
1.55356e-05
1.55304e-05
1.55252e-05
1.552e-05
1.55149e-05
1.55097e-05
1.55045e-05
1.54993e-05
1.54941e-05
1.5489e-05
1.54838e-05
1.54786e-05
1.54734e-05
1.54683e-05
1.54631e-05
1.54579e-05
1.54528e-05
1.54476e-05
1.54424e-05
1.54373e-05
1.54321e-05
1.5427e-05
1.54218e-05
1.54167e-05
1.54116e-05
1.54064e-05
1.54013e-05
1.53962e-05
1.53911e-05
1.5386e-05
1.53809e-05
1.53758e-05
1.53707e-05
1.53656e-05
1.53605e-05
1.53554e-05
1.53503e-05
1.53452e-05
1.53401e-05
1.5335e-05
1.53299e-05
1.53248e-05
1.53198e-05
1.53147e-05
1.53096e-05
1.53045e-05
1.52994e-05
1.52944e-05
1.52893e-05
1.52842e-05
1.52791e-05
1.52741e-05
1.5269e-05
1.52639e-05
1.52589e-05
1.52538e-05
1.52488e-05
1.52437e-05
1.52387e-05
1.52336e-05
1.52286e-05
1.52235e-05
1.52185e-05
1.52134e-05
1.52084e-05
1.52033e-05
1.51983e-05
1.51932e-05
1.51882e-05
1.51832e-05
1.51781e-05
1.51731e-05
1.51681e-05
1.5163e-05
1.5158e-05
1.5153e-05
1.5148e-05
1.5143e-05
1.51379e-05
1.51329e-05
1.51279e-05
1.51229e-05
1.51179e-05
1.51129e-05
1.51079e-05
1.51029e-05
1.50979e-05
1.50929e-05
1.50879e-05
1.50829e-05
1.50779e-05
1.50729e-05
1.5068e-05
1.5063e-05
1.50581e-05
1.50531e-05
1.50482e-05
1.50432e-05
1.50383e-05
1.50333e-05
1.50284e-05
1.50235e-05
1.50185e-05
1.50136e-05
1.50087e-05
1.50037e-05
1.49988e-05
1.49939e-05
1.49889e-05
1.4984e-05
1.49791e-05
1.49742e-05
1.49693e-05
1.49643e-05
1.49594e-05
1.49545e-05
1.49496e-05
1.49447e-05
1.49398e-05
1.49349e-05
1.493e-05
1.49251e-05
1.49202e-05
1.49153e-05
1.49104e-05
1.49055e-05
1.49006e-05
1.48957e-05
1.48908e-05
1.48859e-05
1.4881e-05
1.48762e-05
1.48713e-05
1.48664e-05
1.48615e-05
1.48566e-05
1.48518e-05
1.48469e-05
1.4842e-05
1.48371e-05
1.48323e-05
1.48274e-05
1.48225e-05
1.48177e-05
1.48128e-05
1.4808e-05
1.48031e-05
1.47982e-05
1.47934e-05
1.47885e-05
1.47837e-05
1.47788e-05
1.4774e-05
1.47691e-05
1.47643e-05
1.47594e-05
1.47546e-05
1.47498e-05
1.47449e-05
1.47401e-05
1.47353e-05
1.47304e-05
1.47256e-05
1.47208e-05
1.47159e-05
1.47111e-05
1.47063e-05
1.47015e-05
1.46966e-05
1.46918e-05
1.4687e-05
1.46822e-05
1.46774e-05
1.46726e-05
1.46678e-05
1.46629e-05
1.46581e-05
1.46533e-05
1.46485e-05
1.46437e-05
1.46389e-05
1.46341e-05
1.46293e-05
1.46245e-05
1.46197e-05
1.4615e-05
1.46102e-05
1.46054e-05
1.46006e-05
1.45958e-05
1.4591e-05
1.45862e-05
1.45815e-05
1.45767e-05
1.45719e-05
1.45671e-05
1.45624e-05
1.45576e-05
1.45528e-05
1.4548e-05
1.45433e-05
1.45385e-05
1.45338e-05
1.4529e-05
1.45242e-05
1.45195e-05
1.45147e-05
1.451e-05
1.45052e-05
1.45005e-05
1.44957e-05
1.4491e-05
1.44862e-05
1.44815e-05
1.44767e-05
1.4472e-05
1.44673e-05
1.44625e-05
1.44578e-05
1.44531e-05
1.44483e-05
1.44436e-05
1.44389e-05
1.44341e-05
1.44294e-05
1.44247e-05
1.442e-05
1.44152e-05
1.44105e-05
1.44058e-05
1.44011e-05
1.43964e-05
1.43917e-05
1.4387e-05
1.43823e-05
1.43776e-05
1.43729e-05
1.43683e-05
1.43636e-05
1.43589e-05
1.43542e-05
1.43496e-05
1.43449e-05
1.43402e-05
1.43356e-05
1.43309e-05
1.43262e-05
1.43216e-05
1.43169e-05
1.43123e-05
1.43076e-05
1.43029e-05
1.42983e-05
1.42936e-05
1.4289e-05
1.42844e-05
1.42797e-05
1.42751e-05
1.42704e-05
1.42658e-05
1.42612e-05
1.42566e-05
1.42519e-05
1.42473e-05
1.42427e-05
1.42381e-05
1.42334e-05
1.42288e-05
1.42242e-05
1.42196e-05
1.4215e-05
1.42104e-05
1.42058e-05
1.42013e-05
1.41967e-05
1.41921e-05
1.41875e-05
1.41829e-05
1.41784e-05
1.41738e-05
1.41692e-05
1.41647e-05
1.41601e-05
1.41555e-05
1.4151e-05
1.41464e-05
1.41418e-05
1.41373e-05
1.41327e-05
1.41281e-05
1.41236e-05
1.4119e-05
1.41145e-05
1.41099e-05
1.41054e-05
1.41008e-05
1.40963e-05
1.40917e-05
1.40872e-05
1.40827e-05
1.40781e-05
1.40736e-05
1.4069e-05
1.40645e-05
1.406e-05
1.40554e-05
1.40509e-05
1.40464e-05
1.40419e-05
1.40373e-05
1.40328e-05
1.40283e-05
1.40238e-05
1.40192e-05
1.40147e-05
1.40102e-05
1.40057e-05
1.40012e-05
1.39967e-05
1.39922e-05
1.39876e-05
1.39831e-05
1.39786e-05
1.39741e-05
1.39696e-05
1.39651e-05
1.39606e-05
1.39561e-05
1.39516e-05
1.39471e-05
1.39427e-05
1.39382e-05
1.39337e-05
1.39292e-05
1.39247e-05
1.39202e-05
1.39157e-05
1.39112e-05
1.39068e-05
1.39023e-05
1.38978e-05
1.38933e-05
1.38889e-05
1.38844e-05
1.38799e-05
1.38754e-05
1.3871e-05
1.38665e-05
1.3862e-05
1.38576e-05
1.38531e-05
1.38487e-05
1.38442e-05
1.38397e-05
1.38353e-05
1.38308e-05
1.38264e-05
1.38219e-05
1.38175e-05
1.3813e-05
1.38086e-05
1.38041e-05
1.37997e-05
1.37953e-05
1.37908e-05
1.37864e-05
1.37819e-05
1.37775e-05
1.37731e-05
1.37686e-05
1.37642e-05
1.37598e-05
1.37554e-05
1.37509e-05
1.37465e-05
1.37421e-05
1.37377e-05
1.37332e-05
1.37288e-05
1.37244e-05
1.372e-05
1.37156e-05
1.37112e-05
1.37067e-05
1.37023e-05
1.36979e-05
1.36935e-05
1.36891e-05
1.36847e-05
1.36803e-05
1.36759e-05
1.36715e-05
1.36671e-05
1.36627e-05
1.36583e-05
1.36539e-05
1.36495e-05
1.36452e-05
1.36408e-05
1.36364e-05
1.3632e-05
1.36276e-05
1.36232e-05
1.36189e-05
1.36145e-05
1.36101e-05
1.36057e-05
1.36013e-05
1.3597e-05
1.35926e-05
1.35882e-05
1.35839e-05
1.35795e-05
1.35751e-05
1.35708e-05
1.35664e-05
1.35621e-05
1.35577e-05
1.35533e-05
1.3549e-05
1.35446e-05
1.35403e-05
1.35359e-05
1.35316e-05
1.35273e-05
1.3523e-05
1.35187e-05
1.35144e-05
1.35101e-05
1.35057e-05
1.35014e-05
1.34971e-05
1.34928e-05
1.34885e-05
1.34842e-05
1.34799e-05
1.34756e-05
1.34713e-05
1.3467e-05
1.34627e-05
1.34584e-05
1.34541e-05
1.34499e-05
1.34456e-05
1.34413e-05
1.3437e-05
1.34327e-05
1.34284e-05
1.34241e-05
1.34199e-05
1.34156e-05
1.34113e-05
1.3407e-05
1.34028e-05
1.33985e-05
1.33942e-05
1.33899e-05
1.33857e-05
1.33814e-05
1.33771e-05
1.33729e-05
1.33686e-05
1.33644e-05
1.33601e-05
1.33558e-05
1.33516e-05
1.33473e-05
1.33431e-05
1.33388e-05
1.33346e-05
1.33303e-05
1.33261e-05
1.33218e-05
1.33176e-05
1.33133e-05
1.33091e-05
1.33049e-05
1.33006e-05
1.32964e-05
1.32921e-05
1.32879e-05
1.32837e-05
1.32794e-05
1.32752e-05
1.3271e-05
1.32668e-05
1.32625e-05
1.32583e-05
1.32541e-05
1.32499e-05
1.32456e-05
1.32414e-05
1.32372e-05
1.3233e-05
1.32288e-05
1.32246e-05
1.32205e-05
1.32163e-05
1.32121e-05
1.32079e-05
1.32037e-05
1.31995e-05
1.31953e-05
1.31912e-05
1.3187e-05
1.31828e-05
1.31786e-05
1.31745e-05
1.31703e-05
1.31661e-05
1.31619e-05
1.31578e-05
1.31536e-05
1.31494e-05
1.31453e-05
1.31411e-05
1.3137e-05
1.31328e-05
1.31286e-05
1.31245e-05
1.31203e-05
1.31162e-05
1.3112e-05
1.31079e-05
1.31037e-05
1.30996e-05
1.30954e-05
1.30913e-05
1.30871e-05
1.3083e-05
1.30788e-05
1.30747e-05
1.30706e-05
1.30664e-05
1.30623e-05
1.30582e-05
1.3054e-05
1.30499e-05
1.30458e-05
1.30416e-05
1.30375e-05
1.30334e-05
1.30293e-05
1.30251e-05
1.3021e-05
1.30169e-05
1.30128e-05
1.30087e-05
1.30045e-05
1.30004e-05
1.29963e-05
1.29922e-05
1.29881e-05
1.2984e-05
1.29799e-05
1.29758e-05
1.29717e-05
1.29676e-05
1.29635e-05
1.29594e-05
1.29553e-05
1.29512e-05
1.29471e-05
1.2943e-05
1.29389e-05
1.29348e-05
1.29307e-05
1.29266e-05
1.29225e-05
1.29184e-05
1.29143e-05
1.29103e-05
1.29062e-05
1.29021e-05
1.2898e-05
1.28939e-05
1.28899e-05
1.28858e-05
1.28817e-05
1.28776e-05
1.28736e-05
1.28695e-05
1.28654e-05
1.28614e-05
1.28573e-05
1.28532e-05
1.28492e-05
1.28451e-05
1.2841e-05
1.2837e-05
1.28329e-05
1.28289e-05
1.28248e-05
1.28208e-05
1.28167e-05
1.28126e-05
1.28086e-05
1.28046e-05
1.28005e-05
1.27965e-05
1.27924e-05
1.27884e-05
1.27843e-05
1.27803e-05
1.27763e-05
1.27722e-05
1.27682e-05
1.27641e-05
1.27601e-05
1.27561e-05
1.27521e-05
1.2748e-05
1.2744e-05
1.274e-05
1.2736e-05
1.2732e-05
1.2728e-05
1.2724e-05
1.272e-05
1.2716e-05
1.2712e-05
1.2708e-05
1.2704e-05
1.27e-05
1.26961e-05
1.26921e-05
1.26881e-05
1.26841e-05
1.26801e-05
1.26762e-05
1.26722e-05
1.26682e-05
1.26642e-05
1.26603e-05
1.26563e-05
1.26523e-05
1.26484e-05
1.26444e-05
1.26404e-05
1.26365e-05
1.26325e-05
1.26285e-05
1.26246e-05
1.26206e-05
1.26167e-05
1.26127e-05
1.26087e-05
1.26048e-05
1.26008e-05
1.25969e-05
1.25929e-05
1.2589e-05
1.2585e-05
1.25811e-05
1.25771e-05
1.25732e-05
1.25693e-05
1.25653e-05
1.25614e-05
1.25574e-05
1.25535e-05
1.25496e-05
1.25456e-05
1.25417e-05
1.25378e-05
1.25338e-05
1.25299e-05
1.2526e-05
1.25221e-05
1.25181e-05
1.25142e-05
1.25103e-05
1.25064e-05
1.25025e-05
1.24985e-05
1.24946e-05
1.24907e-05
1.24868e-05
1.24829e-05
1.2479e-05
1.24751e-05
1.24712e-05
1.24672e-05
1.24633e-05
1.24594e-05
1.24555e-05
1.24516e-05
1.24477e-05
1.24438e-05
1.24399e-05
1.2436e-05
1.24321e-05
1.24282e-05
1.24244e-05
1.24205e-05
1.24166e-05
1.24127e-05
1.24088e-05
1.24049e-05
1.2401e-05
1.23971e-05
1.23933e-05
1.23894e-05
1.23855e-05
1.23816e-05
1.23777e-05
1.23739e-05
1.237e-05
1.23661e-05
1.23622e-05
1.23584e-05
1.23545e-05
1.23506e-05
1.23468e-05
1.23429e-05
1.2339e-05
1.23352e-05
1.23313e-05
1.23274e-05
1.23236e-05
1.23197e-05
1.23159e-05
1.2312e-05
1.23082e-05
1.23043e-05
1.23005e-05
1.22966e-05
1.22928e-05
1.22889e-05
1.22851e-05
1.22812e-05
1.22774e-05
1.22735e-05
1.22697e-05
1.22659e-05
1.22621e-05
1.22583e-05
1.22544e-05
1.22506e-05
1.22468e-05
1.2243e-05
1.22392e-05
1.22354e-05
1.22316e-05
1.22278e-05
1.22239e-05
1.22201e-05
1.22163e-05
1.22125e-05
1.22087e-05
1.22049e-05
1.22011e-05
1.21973e-05
1.21935e-05
1.21897e-05
1.21859e-05
1.21821e-05
1.21784e-05
1.21746e-05
1.21708e-05
1.2167e-05
1.21632e-05
1.21594e-05
1.21556e-05
1.21518e-05
1.21481e-05
1.21443e-05
1.21405e-05
1.21367e-05
1.21329e-05
1.21292e-05
1.21254e-05
1.21216e-05
1.21178e-05
1.21141e-05
1.21103e-05
1.21065e-05
1.21028e-05
1.2099e-05
1.20952e-05
1.20915e-05
1.20877e-05
1.2084e-05
1.20802e-05
1.20764e-05
1.20727e-05
1.20689e-05
1.20652e-05
1.20614e-05
1.20577e-05
1.20539e-05
1.20502e-05
1.20464e-05
1.20427e-05
1.20389e-05
1.20352e-05
1.20314e-05
1.20277e-05
1.20239e-05
1.20202e-05
1.20165e-05
1.20127e-05
1.2009e-05
1.20053e-05
1.20015e-05
1.19978e-05
1.19941e-05
1.19903e-05
1.19866e-05
1.19829e-05
1.19792e-05
1.19754e-05
1.19717e-05
1.1968e-05
1.19643e-05
1.19605e-05
1.19568e-05
1.19531e-05
1.19494e-05
1.19457e-05
1.1942e-05
1.19384e-05
1.19347e-05
1.1931e-05
1.19273e-05
1.19236e-05
1.19199e-05
1.19162e-05
1.19126e-05
1.19089e-05
1.19052e-05
1.19015e-05
1.18978e-05
1.18942e-05
1.18905e-05
1.18868e-05
1.18832e-05
1.18795e-05
1.18758e-05
1.18721e-05
1.18685e-05
1.18648e-05
1.18612e-05
1.18575e-05
1.18538e-05
1.18502e-05
1.18465e-05
1.18429e-05
1.18392e-05
1.18355e-05
1.18319e-05
1.18282e-05
1.18246e-05
1.18209e-05
1.18173e-05
1.18136e-05
1.181e-05
1.18063e-05
1.18027e-05
1.1799e-05
1.17954e-05
1.17918e-05
1.17881e-05
1.17845e-05
1.17808e-05
1.17772e-05
1.17736e-05
1.17699e-05
1.17663e-05
1.17627e-05
1.1759e-05
1.17554e-05
1.17518e-05
1.17482e-05
1.17445e-05
1.17409e-05
1.17373e-05
1.17337e-05
1.173e-05
1.17264e-05
1.17228e-05
1.17192e-05
1.17156e-05
1.1712e-05
1.17083e-05
1.17047e-05
1.17011e-05
1.16975e-05
1.16939e-05
1.16903e-05
1.16867e-05
1.16831e-05
1.16795e-05
1.16759e-05
1.16723e-05
1.16687e-05
1.16651e-05
1.16615e-05
1.16579e-05
1.16543e-05
1.16507e-05
1.16471e-05
1.16435e-05
1.16399e-05
1.16363e-05
1.16327e-05
1.16291e-05
1.16256e-05
1.1622e-05
1.16184e-05
1.16148e-05
1.16112e-05
1.16076e-05
1.16041e-05
1.16005e-05
1.15969e-05
1.15933e-05
1.15898e-05
1.15862e-05
1.15826e-05
1.1579e-05
1.15755e-05
1.15719e-05
1.15683e-05
1.15648e-05
1.15612e-05
1.15576e-05
1.15541e-05
1.15505e-05
1.15469e-05
1.15434e-05
1.15398e-05
1.15363e-05
1.15327e-05
1.15292e-05
1.15256e-05
1.15221e-05
1.15185e-05
1.1515e-05
1.15114e-05
1.15079e-05
1.15043e-05
1.15008e-05
1.14972e-05
1.14937e-05
1.14901e-05
1.14866e-05
1.14831e-05
1.14795e-05
1.1476e-05
1.14724e-05
1.14689e-05
1.14654e-05
1.14618e-05
1.14583e-05
1.14548e-05
1.14512e-05
1.14477e-05
1.14442e-05
1.14407e-05
1.14371e-05
1.14336e-05
1.14301e-05
1.14266e-05
1.14231e-05
1.14195e-05
1.1416e-05
1.14125e-05
1.1409e-05
1.14055e-05
1.1402e-05
1.13984e-05
1.13949e-05
1.13914e-05
1.13879e-05
1.13844e-05
1.13809e-05
1.13774e-05
1.13739e-05
1.13704e-05
1.13669e-05
1.13634e-05
1.13599e-05
1.13564e-05
1.13529e-05
1.13494e-05
1.13459e-05
1.13424e-05
1.13389e-05
1.13354e-05
1.13319e-05
1.13284e-05
1.1325e-05
1.13215e-05
1.1318e-05
1.13145e-05
1.13111e-05
1.13076e-05
1.13041e-05
1.13007e-05
1.12972e-05
1.12937e-05
1.12903e-05
1.12868e-05
1.12834e-05
1.12799e-05
1.12764e-05
1.1273e-05
1.12695e-05
1.12661e-05
1.12626e-05
1.12592e-05
1.12557e-05
1.12523e-05
1.12488e-05
1.12454e-05
1.12419e-05
1.12385e-05
1.12351e-05
1.12316e-05
1.12282e-05
1.12247e-05
1.12213e-05
1.12178e-05
1.12144e-05
1.1211e-05
1.12075e-05
1.12041e-05
1.12007e-05
1.11972e-05
1.11938e-05
1.11904e-05
1.1187e-05
1.11835e-05
1.11801e-05
1.11767e-05
1.11733e-05
1.11699e-05
1.11665e-05
1.11631e-05
1.11597e-05
1.11563e-05
1.11529e-05
1.11495e-05
1.11461e-05
1.11427e-05
1.11393e-05
1.11359e-05
1.11326e-05
1.11292e-05
1.11258e-05
1.11224e-05
1.1119e-05
1.11156e-05
1.11122e-05
1.11088e-05
1.11055e-05
1.11021e-05
1.10987e-05
1.10953e-05
1.10919e-05
1.10886e-05
1.10852e-05
1.10818e-05
1.10784e-05
1.10751e-05
1.10717e-05
1.10683e-05
1.1065e-05
1.10616e-05
1.10582e-05
1.10549e-05
1.10515e-05
1.10481e-05
1.10448e-05
1.10414e-05
1.10381e-05
1.10347e-05
1.10313e-05
1.1028e-05
1.10246e-05
1.10213e-05
1.10179e-05
1.10146e-05
1.10112e-05
1.10079e-05
1.10045e-05
1.10012e-05
1.09978e-05
1.09945e-05
1.09911e-05
1.09878e-05
1.09844e-05
1.09811e-05
1.09778e-05
1.09744e-05
1.09711e-05
1.09677e-05
1.09644e-05
1.09611e-05
1.09577e-05
1.09544e-05
1.09511e-05
1.09477e-05
1.09444e-05
1.09411e-05
1.09377e-05
1.09344e-05
1.09311e-05
1.09278e-05
1.09244e-05
1.09211e-05
1.09178e-05
1.09145e-05
1.09112e-05
1.09078e-05
1.09045e-05
1.09012e-05
1.08979e-05
1.08946e-05
1.08913e-05
1.0888e-05
1.08846e-05
1.08813e-05
1.0878e-05
1.08747e-05
1.08714e-05
1.08681e-05
1.08648e-05
1.08615e-05
1.08582e-05
1.08549e-05
1.08516e-05
1.08483e-05
1.0845e-05
1.08417e-05
1.08384e-05
1.08351e-05
1.08318e-05
1.08285e-05
1.08252e-05
1.08219e-05
1.08186e-05
1.08154e-05
1.08121e-05
1.08088e-05
1.08055e-05
1.08022e-05
1.07989e-05
1.07956e-05
1.07924e-05
1.07891e-05
1.07858e-05
1.07825e-05
1.07792e-05
1.0776e-05
1.07727e-05
1.07694e-05
1.07661e-05
1.07629e-05
1.07596e-05
1.07563e-05
1.07531e-05
1.07498e-05
1.07465e-05
1.07433e-05
1.074e-05
1.07367e-05
1.07335e-05
1.07302e-05
1.0727e-05
1.07237e-05
1.07204e-05
1.07172e-05
1.07139e-05
1.07107e-05
1.07074e-05
1.07042e-05
1.07009e-05
1.06977e-05
1.06944e-05
1.06912e-05
1.06879e-05
1.06847e-05
1.06814e-05
1.06782e-05
1.06749e-05
1.06717e-05
1.06684e-05
1.06652e-05
1.0662e-05
1.06587e-05
1.06555e-05
1.06523e-05
1.0649e-05
1.06458e-05
1.06426e-05
1.06393e-05
1.06361e-05
1.06329e-05
1.06296e-05
1.06264e-05
1.06232e-05
1.06199e-05
1.06167e-05
1.06135e-05
1.06103e-05
1.06071e-05
1.06038e-05
1.06006e-05
1.05974e-05
1.05942e-05
1.0591e-05
1.05877e-05
1.05845e-05
1.05813e-05
1.05781e-05
1.05749e-05
1.05717e-05
1.05685e-05
1.05653e-05
1.05621e-05
1.05589e-05
1.05556e-05
1.05524e-05
1.05492e-05
1.0546e-05
1.05428e-05
1.05396e-05
1.05364e-05
1.05332e-05
1.053e-05
1.05268e-05
1.05237e-05
1.05205e-05
1.05173e-05
1.05141e-05
1.05109e-05
1.05077e-05
1.05045e-05
1.05014e-05
1.04982e-05
1.0495e-05
1.04918e-05
1.04887e-05
1.04855e-05
1.04823e-05
1.04792e-05
1.0476e-05
1.04729e-05
1.04697e-05
1.04665e-05
1.04634e-05
1.04602e-05
1.04571e-05
1.04539e-05
1.04508e-05
1.04476e-05
1.04444e-05
1.04413e-05
1.04381e-05
1.0435e-05
1.04318e-05
1.04287e-05
1.04256e-05
1.04224e-05
1.04193e-05
1.04161e-05
1.0413e-05
1.04098e-05
1.04067e-05
1.04036e-05
1.04004e-05
1.03973e-05
1.03941e-05
1.0391e-05
1.03879e-05
1.03847e-05
1.03816e-05
1.03785e-05
1.03753e-05
1.03722e-05
1.03691e-05
1.0366e-05
1.03628e-05
1.03597e-05
1.03566e-05
1.03534e-05
1.03503e-05
1.03472e-05
1.03441e-05
1.0341e-05
1.03378e-05
1.03347e-05
1.03316e-05
1.03285e-05
1.03254e-05
1.03223e-05
1.03192e-05
1.0316e-05
1.03129e-05
1.03098e-05
1.03067e-05
1.03036e-05
1.03005e-05
1.02974e-05
1.02943e-05
1.02912e-05
1.02881e-05
1.0285e-05
1.02819e-05
1.02788e-05
1.02757e-05
1.02726e-05
1.02695e-05
1.02664e-05
1.02633e-05
1.02602e-05
1.02571e-05
1.0254e-05
1.02509e-05
1.02478e-05
1.02448e-05
1.02417e-05
1.02386e-05
1.02355e-05
1.02324e-05
1.02294e-05
1.02263e-05
1.02232e-05
1.02202e-05
1.02171e-05
1.0214e-05
1.0211e-05
1.02079e-05
1.02048e-05
1.02018e-05
1.01987e-05
1.01956e-05
1.01926e-05
1.01895e-05
1.01865e-05
1.01834e-05
1.01803e-05
1.01773e-05
1.01742e-05
1.01712e-05
1.01681e-05
1.01651e-05
1.0162e-05
1.0159e-05
1.01559e-05
1.01529e-05
1.01498e-05
1.01468e-05
1.01437e-05
1.01407e-05
1.01376e-05
1.01346e-05
1.01316e-05
1.01285e-05
1.01255e-05
1.01224e-05
1.01194e-05
1.01164e-05
1.01133e-05
1.01103e-05
1.01072e-05
1.01042e-05
1.01012e-05
1.00982e-05
1.00951e-05
1.00921e-05
1.00891e-05
1.0086e-05
1.0083e-05
1.008e-05
1.0077e-05
1.00739e-05
1.00709e-05
1.00679e-05
1.00649e-05
1.00618e-05
1.00588e-05
1.00558e-05
1.00528e-05
1.00498e-05
1.00468e-05
1.00437e-05
1.00407e-05
1.00377e-05
1.00347e-05
1.00317e-05
1.00287e-05
1.00257e-05
1.00227e-05
1.00197e-05
1.00167e-05
1.00137e-05
1.00106e-05
1.00076e-05
1.00046e-05
1.00016e-05
9.99864e-06
