i   j   x    y    volume   N2.x   N2.y    N3.x    N3.y   S1   S2   S3   S4
1    1    0.000 0.000 6.0000e-04 1.0000e+00 0.0000e+00 0.0000e+00 1.0000e+00 2.0000e-02 3.0000e-02 2.0000e-02 3.0000e-02 
1    2    0.000 0.030 6.0000e-04 1.0000e+00 0.0000e+00 0.0000e+00 1.0000e+00 2.0000e-02 3.0000e-02 2.0000e-02 3.0000e-02 
1    3    0.000 0.060 6.0000e-04 1.0000e+00 0.0000e+00 0.0000e+00 1.0000e+00 2.0000e-02 3.0000e-02 2.0000e-02 3.0000e-02 
1    4    0.000 0.090 6.0000e-04 1.0000e+00 0.0000e+00 0.0000e+00 1.0000e+00 2.0000e-02 3.0000e-02 2.0000e-02 3.0000e-02 
1    5    0.000 0.120 6.0000e-04 1.0000e+00 0.0000e+00 0.0000e+00 1.0000e+00 2.0000e-02 3.0000e-02 2.0000e-02 3.0000e-02 
1    6    0.000 0.150 6.0000e-04 1.0000e+00 0.0000e+00 0.0000e+00 1.0000e+00 2.0000e-02 3.0000e-02 2.0000e-02 3.0000e-02 
1    7    0.000 0.180 6.0000e-04 1.0000e+00 0.0000e+00 0.0000e+00 1.0000e+00 2.0000e-02 3.0000e-02 2.0000e-02 3.0000e-02 
1    8    0.000 0.210 6.0000e-04 1.0000e+00 0.0000e+00 0.0000e+00 1.0000e+00 2.0000e-02 3.0000e-02 2.0000e-02 3.0000e-02 
1    9    0.000 0.240 6.0000e-04 1.0000e+00 0.0000e+00 0.0000e+00 1.0000e+00 2.0000e-02 3.0000e-02 2.0000e-02 3.0000e-02 
1    10   0.000 0.270 6.0000e-04 1.0000e+00 0.0000e+00 0.0000e+00 1.0000e+00 2.0000e-02 3.0000e-02 2.0000e-02 3.0000e-02 
2    1    0.020 0.000 6.0000e-04 1.0000e+00 0.0000e+00 0.0000e+00 1.0000e+00 2.0000e-02 3.0000e-02 2.0000e-02 3.0000e-02 
2    2    0.020 0.030 6.0000e-04 1.0000e+00 0.0000e+00 0.0000e+00 1.0000e+00 2.0000e-02 3.0000e-02 2.0000e-02 3.0000e-02 
2    3    0.020 0.060 6.0000e-04 1.0000e+00 0.0000e+00 0.0000e+00 1.0000e+00 2.0000e-02 3.0000e-02 2.0000e-02 3.0000e-02 
2    4    0.020 0.090 6.0000e-04 1.0000e+00 0.0000e+00 0.0000e+00 1.0000e+00 2.0000e-02 3.0000e-02 2.0000e-02 3.0000e-02 
2    5    0.020 0.120 6.0000e-04 1.0000e+00 0.0000e+00 0.0000e+00 1.0000e+00 2.0000e-02 3.0000e-02 2.0000e-02 3.0000e-02 
2    6    0.020 0.150 6.0000e-04 1.0000e+00 0.0000e+00 0.0000e+00 1.0000e+00 2.0000e-02 3.0000e-02 2.0000e-02 3.0000e-02 
2    7    0.020 0.180 6.0000e-04 1.0000e+00 0.0000e+00 0.0000e+00 1.0000e+00 2.0000e-02 3.0000e-02 2.0000e-02 3.0000e-02 
2    8    0.020 0.210 6.0000e-04 1.0000e+00 0.0000e+00 0.0000e+00 1.0000e+00 2.0000e-02 3.0000e-02 2.0000e-02 3.0000e-02 
2    9    0.020 0.240 6.0000e-04 1.0000e+00 0.0000e+00 0.0000e+00 1.0000e+00 2.0000e-02 3.0000e-02 2.0000e-02 3.0000e-02 
2    10   0.020 0.270 6.0000e-04 1.0000e+00 0.0000e+00 0.0000e+00 1.0000e+00 2.0000e-02 3.0000e-02 2.0000e-02 3.0000e-02 
3    1    0.040 0.000 6.0000e-04 1.0000e+00 0.0000e+00 0.0000e+00 1.0000e+00 2.0000e-02 3.0000e-02 2.0000e-02 3.0000e-02 
3    2    0.040 0.030 6.0000e-04 1.0000e+00 0.0000e+00 0.0000e+00 1.0000e+00 2.0000e-02 3.0000e-02 2.0000e-02 3.0000e-02 
3    3    0.040 0.060 6.0000e-04 1.0000e+00 0.0000e+00 0.0000e+00 1.0000e+00 2.0000e-02 3.0000e-02 2.0000e-02 3.0000e-02 
3    4    0.040 0.090 6.0000e-04 1.0000e+00 0.0000e+00 0.0000e+00 1.0000e+00 2.0000e-02 3.0000e-02 2.0000e-02 3.0000e-02 
3    5    0.040 0.120 6.0000e-04 1.0000e+00 0.0000e+00 0.0000e+00 1.0000e+00 2.0000e-02 3.0000e-02 2.0000e-02 3.0000e-02 
3    6    0.040 0.150 6.0000e-04 1.0000e+00 0.0000e+00 0.0000e+00 1.0000e+00 2.0000e-02 3.0000e-02 2.0000e-02 3.0000e-02 
3    7    0.040 0.180 6.0000e-04 1.0000e+00 0.0000e+00 0.0000e+00 1.0000e+00 2.0000e-02 3.0000e-02 2.0000e-02 3.0000e-02 
3    8    0.040 0.210 6.0000e-04 1.0000e+00 0.0000e+00 0.0000e+00 1.0000e+00 2.0000e-02 3.0000e-02 2.0000e-02 3.0000e-02 
3    9    0.040 0.240 6.0000e-04 1.0000e+00 0.0000e+00 0.0000e+00 1.0000e+00 2.0000e-02 3.0000e-02 2.0000e-02 3.0000e-02 
3    10   0.040 0.270 6.0000e-04 1.0000e+00 0.0000e+00 0.0000e+00 1.0000e+00 2.0000e-02 3.0000e-02 2.0000e-02 3.0000e-02 
4    1    0.060 0.000 6.0000e-04 1.0000e+00 0.0000e+00 0.0000e+00 1.0000e+00 2.0000e-02 3.0000e-02 2.0000e-02 3.0000e-02 
4    2    0.060 0.030 6.0000e-04 1.0000e+00 0.0000e+00 0.0000e+00 1.0000e+00 2.0000e-02 3.0000e-02 2.0000e-02 3.0000e-02 
4    3    0.060 0.060 6.0000e-04 1.0000e+00 0.0000e+00 0.0000e+00 1.0000e+00 2.0000e-02 3.0000e-02 2.0000e-02 3.0000e-02 
4    4    0.060 0.090 6.0000e-04 1.0000e+00 0.0000e+00 0.0000e+00 1.0000e+00 2.0000e-02 3.0000e-02 2.0000e-02 3.0000e-02 
4    5    0.060 0.120 6.0000e-04 1.0000e+00 0.0000e+00 0.0000e+00 1.0000e+00 2.0000e-02 3.0000e-02 2.0000e-02 3.0000e-02 
4    6    0.060 0.150 6.0000e-04 1.0000e+00 0.0000e+00 0.0000e+00 1.0000e+00 2.0000e-02 3.0000e-02 2.0000e-02 3.0000e-02 
4    7    0.060 0.180 6.0000e-04 1.0000e+00 0.0000e+00 0.0000e+00 1.0000e+00 2.0000e-02 3.0000e-02 2.0000e-02 3.0000e-02 
4    8    0.060 0.210 6.0000e-04 1.0000e+00 0.0000e+00 0.0000e+00 1.0000e+00 2.0000e-02 3.0000e-02 2.0000e-02 3.0000e-02 
4    9    0.060 0.240 6.0000e-04 1.0000e+00 0.0000e+00 0.0000e+00 1.0000e+00 2.0000e-02 3.0000e-02 2.0000e-02 3.0000e-02 
4    10   0.060 0.270 6.0000e-04 1.0000e+00 0.0000e+00 0.0000e+00 1.0000e+00 2.0000e-02 3.0000e-02 2.0000e-02 3.0000e-02 
5    1    0.080 0.000 6.0000e-04 1.0000e+00 0.0000e+00 0.0000e+00 1.0000e+00 2.0000e-02 3.0000e-02 2.0000e-02 3.0000e-02 
5    2    0.080 0.030 6.0000e-04 1.0000e+00 0.0000e+00 0.0000e+00 1.0000e+00 2.0000e-02 3.0000e-02 2.0000e-02 3.0000e-02 
5    3    0.080 0.060 6.0000e-04 1.0000e+00 0.0000e+00 0.0000e+00 1.0000e+00 2.0000e-02 3.0000e-02 2.0000e-02 3.0000e-02 
5    4    0.080 0.090 6.0000e-04 1.0000e+00 0.0000e+00 0.0000e+00 1.0000e+00 2.0000e-02 3.0000e-02 2.0000e-02 3.0000e-02 
5    5    0.080 0.120 6.0000e-04 1.0000e+00 0.0000e+00 0.0000e+00 1.0000e+00 2.0000e-02 3.0000e-02 2.0000e-02 3.0000e-02 
5    6    0.080 0.150 6.0000e-04 1.0000e+00 0.0000e+00 0.0000e+00 1.0000e+00 2.0000e-02 3.0000e-02 2.0000e-02 3.0000e-02 
5    7    0.080 0.180 6.0000e-04 1.0000e+00 0.0000e+00 0.0000e+00 1.0000e+00 2.0000e-02 3.0000e-02 2.0000e-02 3.0000e-02 
5    8    0.080 0.210 6.0000e-04 1.0000e+00 0.0000e+00 0.0000e+00 1.0000e+00 2.0000e-02 3.0000e-02 2.0000e-02 3.0000e-02 
5    9    0.080 0.240 6.0000e-04 1.0000e+00 0.0000e+00 0.0000e+00 1.0000e+00 2.0000e-02 3.0000e-02 2.0000e-02 3.0000e-02 
5    10   0.080 0.270 6.0000e-04 1.0000e+00 0.0000e+00 0.0000e+00 1.0000e+00 2.0000e-02 3.0000e-02 2.0000e-02 3.0000e-02 
6    1    0.100 0.000 6.0000e-04 1.0000e+00 0.0000e+00 0.0000e+00 1.0000e+00 2.0000e-02 3.0000e-02 2.0000e-02 3.0000e-02 
6    2    0.100 0.030 6.0000e-04 1.0000e+00 0.0000e+00 0.0000e+00 1.0000e+00 2.0000e-02 3.0000e-02 2.0000e-02 3.0000e-02 
6    3    0.100 0.060 6.0000e-04 1.0000e+00 0.0000e+00 0.0000e+00 1.0000e+00 2.0000e-02 3.0000e-02 2.0000e-02 3.0000e-02 
6    4    0.100 0.090 6.0000e-04 1.0000e+00 0.0000e+00 0.0000e+00 1.0000e+00 2.0000e-02 3.0000e-02 2.0000e-02 3.0000e-02 
6    5    0.100 0.120 6.0000e-04 1.0000e+00 0.0000e+00 0.0000e+00 1.0000e+00 2.0000e-02 3.0000e-02 2.0000e-02 3.0000e-02 
6    6    0.100 0.150 6.0000e-04 1.0000e+00 0.0000e+00 0.0000e+00 1.0000e+00 2.0000e-02 3.0000e-02 2.0000e-02 3.0000e-02 
6    7    0.100 0.180 6.0000e-04 1.0000e+00 0.0000e+00 0.0000e+00 1.0000e+00 2.0000e-02 3.0000e-02 2.0000e-02 3.0000e-02 
6    8    0.100 0.210 6.0000e-04 1.0000e+00 0.0000e+00 0.0000e+00 1.0000e+00 2.0000e-02 3.0000e-02 2.0000e-02 3.0000e-02 
6    9    0.100 0.240 6.0000e-04 1.0000e+00 0.0000e+00 0.0000e+00 1.0000e+00 2.0000e-02 3.0000e-02 2.0000e-02 3.0000e-02 
6    10   0.100 0.270 6.0000e-04 1.0000e+00 0.0000e+00 0.0000e+00 1.0000e+00 2.0000e-02 3.0000e-02 2.0000e-02 3.0000e-02 
7    1    0.120 0.000 6.0000e-04 1.0000e+00 0.0000e+00 0.0000e+00 1.0000e+00 2.0000e-02 3.0000e-02 2.0000e-02 3.0000e-02 
7    2    0.120 0.030 6.0000e-04 1.0000e+00 0.0000e+00 0.0000e+00 1.0000e+00 2.0000e-02 3.0000e-02 2.0000e-02 3.0000e-02 
7    3    0.120 0.060 6.0000e-04 1.0000e+00 0.0000e+00 0.0000e+00 1.0000e+00 2.0000e-02 3.0000e-02 2.0000e-02 3.0000e-02 
7    4    0.120 0.090 6.0000e-04 1.0000e+00 0.0000e+00 0.0000e+00 1.0000e+00 2.0000e-02 3.0000e-02 2.0000e-02 3.0000e-02 
7    5    0.120 0.120 6.0000e-04 1.0000e+00 0.0000e+00 0.0000e+00 1.0000e+00 2.0000e-02 3.0000e-02 2.0000e-02 3.0000e-02 
7    6    0.120 0.150 6.0000e-04 1.0000e+00 0.0000e+00 0.0000e+00 1.0000e+00 2.0000e-02 3.0000e-02 2.0000e-02 3.0000e-02 
7    7    0.120 0.180 6.0000e-04 1.0000e+00 0.0000e+00 0.0000e+00 1.0000e+00 2.0000e-02 3.0000e-02 2.0000e-02 3.0000e-02 
7    8    0.120 0.210 6.0000e-04 1.0000e+00 0.0000e+00 0.0000e+00 1.0000e+00 2.0000e-02 3.0000e-02 2.0000e-02 3.0000e-02 
7    9    0.120 0.240 6.0000e-04 1.0000e+00 0.0000e+00 0.0000e+00 1.0000e+00 2.0000e-02 3.0000e-02 2.0000e-02 3.0000e-02 
7    10   0.120 0.270 6.0000e-04 1.0000e+00 0.0000e+00 0.0000e+00 1.0000e+00 2.0000e-02 3.0000e-02 2.0000e-02 3.0000e-02 
8    1    0.140 0.000 6.0000e-04 1.0000e+00 0.0000e+00 0.0000e+00 1.0000e+00 2.0000e-02 3.0000e-02 2.0000e-02 3.0000e-02 
8    2    0.140 0.030 6.0000e-04 1.0000e+00 0.0000e+00 0.0000e+00 1.0000e+00 2.0000e-02 3.0000e-02 2.0000e-02 3.0000e-02 
8    3    0.140 0.060 6.0000e-04 1.0000e+00 0.0000e+00 0.0000e+00 1.0000e+00 2.0000e-02 3.0000e-02 2.0000e-02 3.0000e-02 
8    4    0.140 0.090 6.0000e-04 1.0000e+00 0.0000e+00 0.0000e+00 1.0000e+00 2.0000e-02 3.0000e-02 2.0000e-02 3.0000e-02 
8    5    0.140 0.120 6.0000e-04 1.0000e+00 0.0000e+00 0.0000e+00 1.0000e+00 2.0000e-02 3.0000e-02 2.0000e-02 3.0000e-02 
8    6    0.140 0.150 6.0000e-04 1.0000e+00 0.0000e+00 0.0000e+00 1.0000e+00 2.0000e-02 3.0000e-02 2.0000e-02 3.0000e-02 
8    7    0.140 0.180 6.0000e-04 1.0000e+00 0.0000e+00 0.0000e+00 1.0000e+00 2.0000e-02 3.0000e-02 2.0000e-02 3.0000e-02 
8    8    0.140 0.210 6.0000e-04 1.0000e+00 0.0000e+00 0.0000e+00 1.0000e+00 2.0000e-02 3.0000e-02 2.0000e-02 3.0000e-02 
8    9    0.140 0.240 6.0000e-04 1.0000e+00 0.0000e+00 0.0000e+00 1.0000e+00 2.0000e-02 3.0000e-02 2.0000e-02 3.0000e-02 
8    10   0.140 0.270 6.0000e-04 1.0000e+00 0.0000e+00 0.0000e+00 1.0000e+00 2.0000e-02 3.0000e-02 2.0000e-02 3.0000e-02 
9    1    0.160 0.000 6.0000e-04 1.0000e+00 0.0000e+00 0.0000e+00 1.0000e+00 2.0000e-02 3.0000e-02 2.0000e-02 3.0000e-02 
9    2    0.160 0.030 6.0000e-04 1.0000e+00 0.0000e+00 0.0000e+00 1.0000e+00 2.0000e-02 3.0000e-02 2.0000e-02 3.0000e-02 
9    3    0.160 0.060 6.0000e-04 1.0000e+00 0.0000e+00 0.0000e+00 1.0000e+00 2.0000e-02 3.0000e-02 2.0000e-02 3.0000e-02 
9    4    0.160 0.090 6.0000e-04 1.0000e+00 0.0000e+00 0.0000e+00 1.0000e+00 2.0000e-02 3.0000e-02 2.0000e-02 3.0000e-02 
9    5    0.160 0.120 6.0000e-04 1.0000e+00 0.0000e+00 0.0000e+00 1.0000e+00 2.0000e-02 3.0000e-02 2.0000e-02 3.0000e-02 
9    6    0.160 0.150 6.0000e-04 1.0000e+00 0.0000e+00 0.0000e+00 1.0000e+00 2.0000e-02 3.0000e-02 2.0000e-02 3.0000e-02 
9    7    0.160 0.180 6.0000e-04 1.0000e+00 0.0000e+00 0.0000e+00 1.0000e+00 2.0000e-02 3.0000e-02 2.0000e-02 3.0000e-02 
9    8    0.160 0.210 6.0000e-04 1.0000e+00 0.0000e+00 0.0000e+00 1.0000e+00 2.0000e-02 3.0000e-02 2.0000e-02 3.0000e-02 
9    9    0.160 0.240 6.0000e-04 1.0000e+00 0.0000e+00 0.0000e+00 1.0000e+00 2.0000e-02 3.0000e-02 2.0000e-02 3.0000e-02 
9    10   0.160 0.270 6.0000e-04 1.0000e+00 0.0000e+00 0.0000e+00 1.0000e+00 2.0000e-02 3.0000e-02 2.0000e-02 3.0000e-02 
10   1    0.180 0.000 6.0000e-04 1.0000e+00 0.0000e+00 0.0000e+00 1.0000e+00 2.0000e-02 3.0000e-02 2.0000e-02 3.0000e-02 
10   2    0.180 0.030 6.0000e-04 1.0000e+00 0.0000e+00 0.0000e+00 1.0000e+00 2.0000e-02 3.0000e-02 2.0000e-02 3.0000e-02 
10   3    0.180 0.060 6.0000e-04 1.0000e+00 0.0000e+00 0.0000e+00 1.0000e+00 2.0000e-02 3.0000e-02 2.0000e-02 3.0000e-02 
10   4    0.180 0.090 6.0000e-04 1.0000e+00 0.0000e+00 0.0000e+00 1.0000e+00 2.0000e-02 3.0000e-02 2.0000e-02 3.0000e-02 
10   5    0.180 0.120 6.0000e-04 1.0000e+00 0.0000e+00 0.0000e+00 1.0000e+00 2.0000e-02 3.0000e-02 2.0000e-02 3.0000e-02 
10   6    0.180 0.150 6.0000e-04 1.0000e+00 0.0000e+00 0.0000e+00 1.0000e+00 2.0000e-02 3.0000e-02 2.0000e-02 3.0000e-02 
10   7    0.180 0.180 6.0000e-04 1.0000e+00 0.0000e+00 0.0000e+00 1.0000e+00 2.0000e-02 3.0000e-02 2.0000e-02 3.0000e-02 
10   8    0.180 0.210 6.0000e-04 1.0000e+00 0.0000e+00 0.0000e+00 1.0000e+00 2.0000e-02 3.0000e-02 2.0000e-02 3.0000e-02 
10   9    0.180 0.240 6.0000e-04 1.0000e+00 0.0000e+00 0.0000e+00 1.0000e+00 2.0000e-02 3.0000e-02 2.0000e-02 3.0000e-02 
10   10   0.180 0.270 6.0000e-04 1.0000e+00 0.0000e+00 0.0000e+00 1.0000e+00 2.0000e-02 3.0000e-02 2.0000e-02 3.0000e-02 
11   1    0.200 0.000 5.9500e-04 1.0000e+00 0.0000e+00 -2.1951e-01 9.7561e-01 2.0616e-02 2.9500e-02 2.0500e-02 3.0000e-02 
11   2    0.200 0.030 5.9500e-04 1.0000e+00 0.0000e+00 -1.9612e-01 9.8058e-01 2.0500e-02 2.9500e-02 2.0396e-02 3.0000e-02 
11   3    0.200 0.060 5.9500e-04 1.0000e+00 0.0000e+00 -1.7238e-01 9.8503e-01 2.0396e-02 2.9500e-02 2.0304e-02 3.0000e-02 
11   4    0.200 0.090 5.9500e-04 1.0000e+00 0.0000e+00 -1.4834e-01 9.8894e-01 2.0304e-02 2.9500e-02 2.0224e-02 3.0000e-02 
11   5    0.200 0.120 5.9500e-04 1.0000e+00 0.0000e+00 -1.2403e-01 9.9228e-01 2.0224e-02 2.9500e-02 2.0156e-02 3.0000e-02 
11   6    0.200 0.150 5.9500e-04 1.0000e+00 0.0000e+00 -9.9504e-02 9.9504e-01 2.0156e-02 2.9500e-02 2.0100e-02 3.0000e-02 
11   7    0.200 0.180 5.9500e-04 1.0000e+00 0.0000e+00 -7.4790e-02 9.9720e-01 2.0100e-02 2.9500e-02 2.0056e-02 3.0000e-02 
11   8    0.200 0.210 5.9500e-04 1.0000e+00 0.0000e+00 -4.9938e-02 9.9875e-01 2.0056e-02 2.9500e-02 2.0025e-02 3.0000e-02 
11   9    0.200 0.240 5.9500e-04 1.0000e+00 0.0000e+00 -2.4992e-02 9.9969e-01 2.0025e-02 2.9500e-02 2.0006e-02 3.0000e-02 
11   10   0.200 0.270 5.9500e-04 1.0000e+00 0.0000e+00 0.0000e+00 1.0000e+00 2.0006e-02 2.9500e-02 2.0000e-02 3.0000e-02 
12   1    0.220 0.005 5.8500e-04 1.0000e+00 0.0000e+00 -2.1951e-01 9.7561e-01 2.0616e-02 2.9000e-02 2.0500e-02 2.9500e-02 
12   2    0.220 0.034 5.8500e-04 1.0000e+00 0.0000e+00 -1.9612e-01 9.8058e-01 2.0500e-02 2.9000e-02 2.0396e-02 2.9500e-02 
12   3    0.220 0.064 5.8500e-04 1.0000e+00 0.0000e+00 -1.7238e-01 9.8503e-01 2.0396e-02 2.9000e-02 2.0304e-02 2.9500e-02 
12   4    0.220 0.093 5.8500e-04 1.0000e+00 0.0000e+00 -1.4834e-01 9.8894e-01 2.0304e-02 2.9000e-02 2.0224e-02 2.9500e-02 
12   5    0.220 0.123 5.8500e-04 1.0000e+00 0.0000e+00 -1.2403e-01 9.9228e-01 2.0224e-02 2.9000e-02 2.0156e-02 2.9500e-02 
12   6    0.220 0.152 5.8500e-04 1.0000e+00 0.0000e+00 -9.9504e-02 9.9504e-01 2.0156e-02 2.9000e-02 2.0100e-02 2.9500e-02 
12   7    0.220 0.182 5.8500e-04 1.0000e+00 0.0000e+00 -7.4790e-02 9.9720e-01 2.0100e-02 2.9000e-02 2.0056e-02 2.9500e-02 
12   8    0.220 0.211 5.8500e-04 1.0000e+00 0.0000e+00 -4.9938e-02 9.9875e-01 2.0056e-02 2.9000e-02 2.0025e-02 2.9500e-02 
12   9    0.220 0.241 5.8500e-04 1.0000e+00 0.0000e+00 -2.4992e-02 9.9969e-01 2.0025e-02 2.9000e-02 2.0006e-02 2.9500e-02 
12   10   0.220 0.270 5.8500e-04 1.0000e+00 0.0000e+00 0.0000e+00 1.0000e+00 2.0006e-02 2.9000e-02 2.0000e-02 2.9500e-02 
13   1    0.240 0.010 5.7500e-04 1.0000e+00 0.0000e+00 -2.1951e-01 9.7561e-01 2.0616e-02 2.8500e-02 2.0500e-02 2.9000e-02 
13   2    0.240 0.039 5.7500e-04 1.0000e+00 0.0000e+00 -1.9612e-01 9.8058e-01 2.0500e-02 2.8500e-02 2.0396e-02 2.9000e-02 
13   3    0.240 0.068 5.7500e-04 1.0000e+00 0.0000e+00 -1.7238e-01 9.8503e-01 2.0396e-02 2.8500e-02 2.0304e-02 2.9000e-02 
13   4    0.240 0.097 5.7500e-04 1.0000e+00 0.0000e+00 -1.4834e-01 9.8894e-01 2.0304e-02 2.8500e-02 2.0224e-02 2.9000e-02 
13   5    0.240 0.126 5.7500e-04 1.0000e+00 0.0000e+00 -1.2403e-01 9.9228e-01 2.0224e-02 2.8500e-02 2.0156e-02 2.9000e-02 
13   6    0.240 0.155 5.7500e-04 1.0000e+00 0.0000e+00 -9.9504e-02 9.9504e-01 2.0156e-02 2.8500e-02 2.0100e-02 2.9000e-02 
13   7    0.240 0.184 5.7500e-04 1.0000e+00 0.0000e+00 -7.4790e-02 9.9720e-01 2.0100e-02 2.8500e-02 2.0056e-02 2.9000e-02 
13   8    0.240 0.213 5.7500e-04 1.0000e+00 0.0000e+00 -4.9938e-02 9.9875e-01 2.0056e-02 2.8500e-02 2.0025e-02 2.9000e-02 
13   9    0.240 0.242 5.7500e-04 1.0000e+00 0.0000e+00 -2.4992e-02 9.9969e-01 2.0025e-02 2.8500e-02 2.0006e-02 2.9000e-02 
13   10   0.240 0.271 5.7500e-04 1.0000e+00 0.0000e+00 0.0000e+00 1.0000e+00 2.0006e-02 2.8500e-02 2.0000e-02 2.9000e-02 
14   1    0.260 0.015 5.6500e-04 1.0000e+00 0.0000e+00 -2.1951e-01 9.7561e-01 2.0616e-02 2.8000e-02 2.0500e-02 2.8500e-02 
14   2    0.260 0.043 5.6500e-04 1.0000e+00 0.0000e+00 -1.9612e-01 9.8058e-01 2.0500e-02 2.8000e-02 2.0396e-02 2.8500e-02 
14   3    0.260 0.072 5.6500e-04 1.0000e+00 0.0000e+00 -1.7238e-01 9.8503e-01 2.0396e-02 2.8000e-02 2.0304e-02 2.8500e-02 
14   4    0.260 0.100 5.6500e-04 1.0000e+00 0.0000e+00 -1.4834e-01 9.8894e-01 2.0304e-02 2.8000e-02 2.0224e-02 2.8500e-02 
14   5    0.260 0.129 5.6500e-04 1.0000e+00 0.0000e+00 -1.2403e-01 9.9228e-01 2.0224e-02 2.8000e-02 2.0156e-02 2.8500e-02 
14   6    0.260 0.157 5.6500e-04 1.0000e+00 0.0000e+00 -9.9504e-02 9.9504e-01 2.0156e-02 2.8000e-02 2.0100e-02 2.8500e-02 
14   7    0.260 0.186 5.6500e-04 1.0000e+00 0.0000e+00 -7.4790e-02 9.9720e-01 2.0100e-02 2.8000e-02 2.0056e-02 2.8500e-02 
14   8    0.260 0.214 5.6500e-04 1.0000e+00 0.0000e+00 -4.9938e-02 9.9875e-01 2.0056e-02 2.8000e-02 2.0025e-02 2.8500e-02 
14   9    0.260 0.243 5.6500e-04 1.0000e+00 0.0000e+00 -2.4992e-02 9.9969e-01 2.0025e-02 2.8000e-02 2.0006e-02 2.8500e-02 
14   10   0.260 0.271 5.6500e-04 1.0000e+00 0.0000e+00 0.0000e+00 1.0000e+00 2.0006e-02 2.8000e-02 2.0000e-02 2.8500e-02 
15   1    0.280 0.020 5.5500e-04 1.0000e+00 0.0000e+00 -2.1951e-01 9.7561e-01 2.0616e-02 2.7500e-02 2.0500e-02 2.8000e-02 
15   2    0.280 0.048 5.5500e-04 1.0000e+00 0.0000e+00 -1.9612e-01 9.8058e-01 2.0500e-02 2.7500e-02 2.0396e-02 2.8000e-02 
15   3    0.280 0.076 5.5500e-04 1.0000e+00 0.0000e+00 -1.7238e-01 9.8503e-01 2.0396e-02 2.7500e-02 2.0304e-02 2.8000e-02 
15   4    0.280 0.104 5.5500e-04 1.0000e+00 0.0000e+00 -1.4834e-01 9.8894e-01 2.0304e-02 2.7500e-02 2.0224e-02 2.8000e-02 
15   5    0.280 0.132 5.5500e-04 1.0000e+00 0.0000e+00 -1.2403e-01 9.9228e-01 2.0224e-02 2.7500e-02 2.0156e-02 2.8000e-02 
15   6    0.280 0.160 5.5500e-04 1.0000e+00 0.0000e+00 -9.9504e-02 9.9504e-01 2.0156e-02 2.7500e-02 2.0100e-02 2.8000e-02 
15   7    0.280 0.188 5.5500e-04 1.0000e+00 0.0000e+00 -7.4790e-02 9.9720e-01 2.0100e-02 2.7500e-02 2.0056e-02 2.8000e-02 
15   8    0.280 0.216 5.5500e-04 1.0000e+00 0.0000e+00 -4.9938e-02 9.9875e-01 2.0056e-02 2.7500e-02 2.0025e-02 2.8000e-02 
15   9    0.280 0.244 5.5500e-04 1.0000e+00 0.0000e+00 -2.4992e-02 9.9969e-01 2.0025e-02 2.7500e-02 2.0006e-02 2.8000e-02 
15   10   0.280 0.272 5.5500e-04 1.0000e+00 0.0000e+00 -2.7756e-15 1.0000e+00 2.0006e-02 2.7500e-02 2.0000e-02 2.8000e-02 
16   1    0.300 0.025 5.4500e-04 1.0000e+00 0.0000e+00 -2.1951e-01 9.7561e-01 2.0616e-02 2.7000e-02 2.0500e-02 2.7500e-02 
16   2    0.300 0.052 5.4500e-04 1.0000e+00 0.0000e+00 -1.9612e-01 9.8058e-01 2.0500e-02 2.7000e-02 2.0396e-02 2.7500e-02 
16   3    0.300 0.080 5.4500e-04 1.0000e+00 0.0000e+00 -1.7238e-01 9.8503e-01 2.0396e-02 2.7000e-02 2.0304e-02 2.7500e-02 
16   4    0.300 0.108 5.4500e-04 1.0000e+00 0.0000e+00 -1.4834e-01 9.8894e-01 2.0304e-02 2.7000e-02 2.0224e-02 2.7500e-02 
16   5    0.300 0.135 5.4500e-04 1.0000e+00 0.0000e+00 -1.2403e-01 9.9228e-01 2.0224e-02 2.7000e-02 2.0156e-02 2.7500e-02 
16   6    0.300 0.163 5.4500e-04 1.0000e+00 0.0000e+00 -9.9504e-02 9.9504e-01 2.0156e-02 2.7000e-02 2.0100e-02 2.7500e-02 
16   7    0.300 0.190 5.4500e-04 1.0000e+00 0.0000e+00 -7.4790e-02 9.9720e-01 2.0100e-02 2.7000e-02 2.0056e-02 2.7500e-02 
16   8    0.300 0.218 5.4500e-04 1.0000e+00 0.0000e+00 -4.9938e-02 9.9875e-01 2.0056e-02 2.7000e-02 2.0025e-02 2.7500e-02 
16   9    0.300 0.245 5.4500e-04 1.0000e+00 0.0000e+00 -2.4992e-02 9.9969e-01 2.0025e-02 2.7000e-02 2.0006e-02 2.7500e-02 
16   10   0.300 0.273 5.4500e-04 1.0000e+00 0.0000e+00 0.0000e+00 1.0000e+00 2.0006e-02 2.7000e-02 2.0000e-02 2.7500e-02 
17   1    0.320 0.030 5.3500e-04 1.0000e+00 0.0000e+00 -2.1951e-01 9.7561e-01 2.0616e-02 2.6500e-02 2.0500e-02 2.7000e-02 
17   2    0.320 0.057 5.3500e-04 1.0000e+00 0.0000e+00 -1.9612e-01 9.8058e-01 2.0500e-02 2.6500e-02 2.0396e-02 2.7000e-02 
17   3    0.320 0.084 5.3500e-04 1.0000e+00 0.0000e+00 -1.7238e-01 9.8503e-01 2.0396e-02 2.6500e-02 2.0304e-02 2.7000e-02 
17   4    0.320 0.111 5.3500e-04 1.0000e+00 0.0000e+00 -1.4834e-01 9.8894e-01 2.0304e-02 2.6500e-02 2.0224e-02 2.7000e-02 
17   5    0.320 0.138 5.3500e-04 1.0000e+00 0.0000e+00 -1.2403e-01 9.9228e-01 2.0224e-02 2.6500e-02 2.0156e-02 2.7000e-02 
17   6    0.320 0.165 5.3500e-04 1.0000e+00 0.0000e+00 -9.9504e-02 9.9504e-01 2.0156e-02 2.6500e-02 2.0100e-02 2.7000e-02 
17   7    0.320 0.192 5.3500e-04 1.0000e+00 0.0000e+00 -7.4790e-02 9.9720e-01 2.0100e-02 2.6500e-02 2.0056e-02 2.7000e-02 
17   8    0.320 0.219 5.3500e-04 1.0000e+00 0.0000e+00 -4.9938e-02 9.9875e-01 2.0056e-02 2.6500e-02 2.0025e-02 2.7000e-02 
17   9    0.320 0.246 5.3500e-04 1.0000e+00 0.0000e+00 -2.4992e-02 9.9969e-01 2.0025e-02 2.6500e-02 2.0006e-02 2.7000e-02 
17   10   0.320 0.273 5.3500e-04 1.0000e+00 0.0000e+00 0.0000e+00 1.0000e+00 2.0006e-02 2.6500e-02 2.0000e-02 2.7000e-02 
18   1    0.340 0.035 5.2500e-04 1.0000e+00 0.0000e+00 -2.1951e-01 9.7561e-01 2.0616e-02 2.6000e-02 2.0500e-02 2.6500e-02 
18   2    0.340 0.062 5.2500e-04 1.0000e+00 0.0000e+00 -1.9612e-01 9.8058e-01 2.0500e-02 2.6000e-02 2.0396e-02 2.6500e-02 
18   3    0.340 0.088 5.2500e-04 1.0000e+00 0.0000e+00 -1.7238e-01 9.8503e-01 2.0396e-02 2.6000e-02 2.0304e-02 2.6500e-02 
18   4    0.340 0.115 5.2500e-04 1.0000e+00 0.0000e+00 -1.4834e-01 9.8894e-01 2.0304e-02 2.6000e-02 2.0224e-02 2.6500e-02 
18   5    0.340 0.141 5.2500e-04 1.0000e+00 0.0000e+00 -1.2403e-01 9.9228e-01 2.0224e-02 2.6000e-02 2.0156e-02 2.6500e-02 
18   6    0.340 0.168 5.2500e-04 1.0000e+00 0.0000e+00 -9.9504e-02 9.9504e-01 2.0156e-02 2.6000e-02 2.0100e-02 2.6500e-02 
18   7    0.340 0.194 5.2500e-04 1.0000e+00 0.0000e+00 -7.4790e-02 9.9720e-01 2.0100e-02 2.6000e-02 2.0056e-02 2.6500e-02 
18   8    0.340 0.221 5.2500e-04 1.0000e+00 0.0000e+00 -4.9938e-02 9.9875e-01 2.0056e-02 2.6000e-02 2.0025e-02 2.6500e-02 
18   9    0.340 0.247 5.2500e-04 1.0000e+00 0.0000e+00 -2.4992e-02 9.9969e-01 2.0025e-02 2.6000e-02 2.0006e-02 2.6500e-02 
18   10   0.340 0.274 5.2500e-04 1.0000e+00 0.0000e+00 2.7756e-15 1.0000e+00 2.0006e-02 2.6000e-02 2.0000e-02 2.6500e-02 
19   1    0.360 0.040 5.1500e-04 1.0000e+00 0.0000e+00 -2.1951e-01 9.7561e-01 2.0616e-02 2.5500e-02 2.0500e-02 2.6000e-02 
19   2    0.360 0.066 5.1500e-04 1.0000e+00 0.0000e+00 -1.9612e-01 9.8058e-01 2.0500e-02 2.5500e-02 2.0396e-02 2.6000e-02 
19   3    0.360 0.092 5.1500e-04 1.0000e+00 0.0000e+00 -1.7238e-01 9.8503e-01 2.0396e-02 2.5500e-02 2.0304e-02 2.6000e-02 
19   4    0.360 0.118 5.1500e-04 1.0000e+00 0.0000e+00 -1.4834e-01 9.8894e-01 2.0304e-02 2.5500e-02 2.0224e-02 2.6000e-02 
19   5    0.360 0.144 5.1500e-04 1.0000e+00 0.0000e+00 -1.2403e-01 9.9228e-01 2.0224e-02 2.5500e-02 2.0156e-02 2.6000e-02 
19   6    0.360 0.170 5.1500e-04 1.0000e+00 0.0000e+00 -9.9504e-02 9.9504e-01 2.0156e-02 2.5500e-02 2.0100e-02 2.6000e-02 
19   7    0.360 0.196 5.1500e-04 1.0000e+00 0.0000e+00 -7.4790e-02 9.9720e-01 2.0100e-02 2.5500e-02 2.0056e-02 2.6000e-02 
19   8    0.360 0.222 5.1500e-04 1.0000e+00 0.0000e+00 -4.9938e-02 9.9875e-01 2.0056e-02 2.5500e-02 2.0025e-02 2.6000e-02 
19   9    0.360 0.248 5.1500e-04 1.0000e+00 0.0000e+00 -2.4992e-02 9.9969e-01 2.0025e-02 2.5500e-02 2.0006e-02 2.6000e-02 
19   10   0.360 0.274 5.1500e-04 1.0000e+00 0.0000e+00 0.0000e+00 1.0000e+00 2.0006e-02 2.5500e-02 2.0000e-02 2.6000e-02 
20   1    0.380 0.045 5.0500e-04 1.0000e+00 0.0000e+00 -2.1951e-01 9.7561e-01 2.0616e-02 2.5000e-02 2.0500e-02 2.5500e-02 
20   2    0.380 0.071 5.0500e-04 1.0000e+00 0.0000e+00 -1.9612e-01 9.8058e-01 2.0500e-02 2.5000e-02 2.0396e-02 2.5500e-02 
20   3    0.380 0.096 5.0500e-04 1.0000e+00 0.0000e+00 -1.7238e-01 9.8503e-01 2.0396e-02 2.5000e-02 2.0304e-02 2.5500e-02 
20   4    0.380 0.122 5.0500e-04 1.0000e+00 0.0000e+00 -1.4834e-01 9.8894e-01 2.0304e-02 2.5000e-02 2.0224e-02 2.5500e-02 
20   5    0.380 0.147 5.0500e-04 1.0000e+00 0.0000e+00 -1.2403e-01 9.9228e-01 2.0224e-02 2.5000e-02 2.0156e-02 2.5500e-02 
20   6    0.380 0.172 5.0500e-04 1.0000e+00 0.0000e+00 -9.9504e-02 9.9504e-01 2.0156e-02 2.5000e-02 2.0100e-02 2.5500e-02 
20   7    0.380 0.198 5.0500e-04 1.0000e+00 0.0000e+00 -7.4790e-02 9.9720e-01 2.0100e-02 2.5000e-02 2.0056e-02 2.5500e-02 
20   8    0.380 0.224 5.0500e-04 1.0000e+00 0.0000e+00 -4.9938e-02 9.9875e-01 2.0056e-02 2.5000e-02 2.0025e-02 2.5500e-02 
20   9    0.380 0.249 5.0500e-04 1.0000e+00 0.0000e+00 -2.4992e-02 9.9969e-01 2.0025e-02 2.5000e-02 2.0006e-02 2.5500e-02 
20   10   0.380 0.275 5.0500e-04 1.0000e+00 0.0000e+00 0.0000e+00 1.0000e+00 2.0006e-02 2.5000e-02 2.0000e-02 2.5500e-02 
21   1    0.400 0.050 5.0000e-04 1.0000e+00 0.0000e+00 0.0000e+00 1.0000e+00 2.0000e-02 2.5000e-02 2.0000e-02 2.5000e-02 
21   2    0.400 0.075 5.0000e-04 1.0000e+00 0.0000e+00 0.0000e+00 1.0000e+00 2.0000e-02 2.5000e-02 2.0000e-02 2.5000e-02 
21   3    0.400 0.100 5.0000e-04 1.0000e+00 0.0000e+00 0.0000e+00 1.0000e+00 2.0000e-02 2.5000e-02 2.0000e-02 2.5000e-02 
21   4    0.400 0.125 5.0000e-04 1.0000e+00 0.0000e+00 0.0000e+00 1.0000e+00 2.0000e-02 2.5000e-02 2.0000e-02 2.5000e-02 
21   5    0.400 0.150 5.0000e-04 1.0000e+00 0.0000e+00 0.0000e+00 1.0000e+00 2.0000e-02 2.5000e-02 2.0000e-02 2.5000e-02 
21   6    0.400 0.175 5.0000e-04 1.0000e+00 0.0000e+00 0.0000e+00 1.0000e+00 2.0000e-02 2.5000e-02 2.0000e-02 2.5000e-02 
21   7    0.400 0.200 5.0000e-04 1.0000e+00 0.0000e+00 0.0000e+00 1.0000e+00 2.0000e-02 2.5000e-02 2.0000e-02 2.5000e-02 
21   8    0.400 0.225 5.0000e-04 1.0000e+00 0.0000e+00 0.0000e+00 1.0000e+00 2.0000e-02 2.5000e-02 2.0000e-02 2.5000e-02 
21   9    0.400 0.250 5.0000e-04 1.0000e+00 0.0000e+00 0.0000e+00 1.0000e+00 2.0000e-02 2.5000e-02 2.0000e-02 2.5000e-02 
21   10   0.400 0.275 5.0000e-04 1.0000e+00 0.0000e+00 0.0000e+00 1.0000e+00 2.0000e-02 2.5000e-02 2.0000e-02 2.5000e-02 
22   1    0.420 0.050 5.0000e-04 1.0000e+00 0.0000e+00 0.0000e+00 1.0000e+00 2.0000e-02 2.5000e-02 2.0000e-02 2.5000e-02 
22   2    0.420 0.075 5.0000e-04 1.0000e+00 0.0000e+00 0.0000e+00 1.0000e+00 2.0000e-02 2.5000e-02 2.0000e-02 2.5000e-02 
22   3    0.420 0.100 5.0000e-04 1.0000e+00 0.0000e+00 0.0000e+00 1.0000e+00 2.0000e-02 2.5000e-02 2.0000e-02 2.5000e-02 
22   4    0.420 0.125 5.0000e-04 1.0000e+00 0.0000e+00 0.0000e+00 1.0000e+00 2.0000e-02 2.5000e-02 2.0000e-02 2.5000e-02 
22   5    0.420 0.150 5.0000e-04 1.0000e+00 0.0000e+00 0.0000e+00 1.0000e+00 2.0000e-02 2.5000e-02 2.0000e-02 2.5000e-02 
22   6    0.420 0.175 5.0000e-04 1.0000e+00 0.0000e+00 0.0000e+00 1.0000e+00 2.0000e-02 2.5000e-02 2.0000e-02 2.5000e-02 
22   7    0.420 0.200 5.0000e-04 1.0000e+00 0.0000e+00 0.0000e+00 1.0000e+00 2.0000e-02 2.5000e-02 2.0000e-02 2.5000e-02 
22   8    0.420 0.225 5.0000e-04 1.0000e+00 0.0000e+00 0.0000e+00 1.0000e+00 2.0000e-02 2.5000e-02 2.0000e-02 2.5000e-02 
22   9    0.420 0.250 5.0000e-04 1.0000e+00 0.0000e+00 0.0000e+00 1.0000e+00 2.0000e-02 2.5000e-02 2.0000e-02 2.5000e-02 
22   10   0.420 0.275 5.0000e-04 1.0000e+00 0.0000e+00 0.0000e+00 1.0000e+00 2.0000e-02 2.5000e-02 2.0000e-02 2.5000e-02 
23   1    0.440 0.050 5.0000e-04 1.0000e+00 0.0000e+00 0.0000e+00 1.0000e+00 2.0000e-02 2.5000e-02 2.0000e-02 2.5000e-02 
23   2    0.440 0.075 5.0000e-04 1.0000e+00 0.0000e+00 0.0000e+00 1.0000e+00 2.0000e-02 2.5000e-02 2.0000e-02 2.5000e-02 
23   3    0.440 0.100 5.0000e-04 1.0000e+00 0.0000e+00 0.0000e+00 1.0000e+00 2.0000e-02 2.5000e-02 2.0000e-02 2.5000e-02 
23   4    0.440 0.125 5.0000e-04 1.0000e+00 0.0000e+00 0.0000e+00 1.0000e+00 2.0000e-02 2.5000e-02 2.0000e-02 2.5000e-02 
23   5    0.440 0.150 5.0000e-04 1.0000e+00 0.0000e+00 0.0000e+00 1.0000e+00 2.0000e-02 2.5000e-02 2.0000e-02 2.5000e-02 
23   6    0.440 0.175 5.0000e-04 1.0000e+00 0.0000e+00 0.0000e+00 1.0000e+00 2.0000e-02 2.5000e-02 2.0000e-02 2.5000e-02 
23   7    0.440 0.200 5.0000e-04 1.0000e+00 0.0000e+00 0.0000e+00 1.0000e+00 2.0000e-02 2.5000e-02 2.0000e-02 2.5000e-02 
23   8    0.440 0.225 5.0000e-04 1.0000e+00 0.0000e+00 0.0000e+00 1.0000e+00 2.0000e-02 2.5000e-02 2.0000e-02 2.5000e-02 
23   9    0.440 0.250 5.0000e-04 1.0000e+00 0.0000e+00 0.0000e+00 1.0000e+00 2.0000e-02 2.5000e-02 2.0000e-02 2.5000e-02 
23   10   0.440 0.275 5.0000e-04 1.0000e+00 0.0000e+00 0.0000e+00 1.0000e+00 2.0000e-02 2.5000e-02 2.0000e-02 2.5000e-02 
24   1    0.460 0.050 5.0000e-04 1.0000e+00 0.0000e+00 0.0000e+00 1.0000e+00 2.0000e-02 2.5000e-02 2.0000e-02 2.5000e-02 
24   2    0.460 0.075 5.0000e-04 1.0000e+00 0.0000e+00 0.0000e+00 1.0000e+00 2.0000e-02 2.5000e-02 2.0000e-02 2.5000e-02 
24   3    0.460 0.100 5.0000e-04 1.0000e+00 0.0000e+00 0.0000e+00 1.0000e+00 2.0000e-02 2.5000e-02 2.0000e-02 2.5000e-02 
24   4    0.460 0.125 5.0000e-04 1.0000e+00 0.0000e+00 0.0000e+00 1.0000e+00 2.0000e-02 2.5000e-02 2.0000e-02 2.5000e-02 
24   5    0.460 0.150 5.0000e-04 1.0000e+00 0.0000e+00 0.0000e+00 1.0000e+00 2.0000e-02 2.5000e-02 2.0000e-02 2.5000e-02 
24   6    0.460 0.175 5.0000e-04 1.0000e+00 0.0000e+00 0.0000e+00 1.0000e+00 2.0000e-02 2.5000e-02 2.0000e-02 2.5000e-02 
24   7    0.460 0.200 5.0000e-04 1.0000e+00 0.0000e+00 0.0000e+00 1.0000e+00 2.0000e-02 2.5000e-02 2.0000e-02 2.5000e-02 
24   8    0.460 0.225 5.0000e-04 1.0000e+00 0.0000e+00 0.0000e+00 1.0000e+00 2.0000e-02 2.5000e-02 2.0000e-02 2.5000e-02 
24   9    0.460 0.250 5.0000e-04 1.0000e+00 0.0000e+00 0.0000e+00 1.0000e+00 2.0000e-02 2.5000e-02 2.0000e-02 2.5000e-02 
24   10   0.460 0.275 5.0000e-04 1.0000e+00 0.0000e+00 0.0000e+00 1.0000e+00 2.0000e-02 2.5000e-02 2.0000e-02 2.5000e-02 
25   1    0.480 0.050 5.0000e-04 1.0000e+00 0.0000e+00 0.0000e+00 1.0000e+00 2.0000e-02 2.5000e-02 2.0000e-02 2.5000e-02 
25   2    0.480 0.075 5.0000e-04 1.0000e+00 0.0000e+00 0.0000e+00 1.0000e+00 2.0000e-02 2.5000e-02 2.0000e-02 2.5000e-02 
25   3    0.480 0.100 5.0000e-04 1.0000e+00 0.0000e+00 0.0000e+00 1.0000e+00 2.0000e-02 2.5000e-02 2.0000e-02 2.5000e-02 
25   4    0.480 0.125 5.0000e-04 1.0000e+00 0.0000e+00 0.0000e+00 1.0000e+00 2.0000e-02 2.5000e-02 2.0000e-02 2.5000e-02 
25   5    0.480 0.150 5.0000e-04 1.0000e+00 0.0000e+00 0.0000e+00 1.0000e+00 2.0000e-02 2.5000e-02 2.0000e-02 2.5000e-02 
25   6    0.480 0.175 5.0000e-04 1.0000e+00 0.0000e+00 0.0000e+00 1.0000e+00 2.0000e-02 2.5000e-02 2.0000e-02 2.5000e-02 
25   7    0.480 0.200 5.0000e-04 1.0000e+00 0.0000e+00 0.0000e+00 1.0000e+00 2.0000e-02 2.5000e-02 2.0000e-02 2.5000e-02 
25   8    0.480 0.225 5.0000e-04 1.0000e+00 0.0000e+00 0.0000e+00 1.0000e+00 2.0000e-02 2.5000e-02 2.0000e-02 2.5000e-02 
25   9    0.480 0.250 5.0000e-04 1.0000e+00 0.0000e+00 0.0000e+00 1.0000e+00 2.0000e-02 2.5000e-02 2.0000e-02 2.5000e-02 
25   10   0.480 0.275 5.0000e-04 1.0000e+00 0.0000e+00 0.0000e+00 1.0000e+00 2.0000e-02 2.5000e-02 2.0000e-02 2.5000e-02 
26   1    0.500 0.050 5.0000e-04 1.0000e+00 0.0000e+00 0.0000e+00 1.0000e+00 2.0000e-02 2.5000e-02 2.0000e-02 2.5000e-02 
26   2    0.500 0.075 5.0000e-04 1.0000e+00 0.0000e+00 0.0000e+00 1.0000e+00 2.0000e-02 2.5000e-02 2.0000e-02 2.5000e-02 
26   3    0.500 0.100 5.0000e-04 1.0000e+00 0.0000e+00 0.0000e+00 1.0000e+00 2.0000e-02 2.5000e-02 2.0000e-02 2.5000e-02 
26   4    0.500 0.125 5.0000e-04 1.0000e+00 0.0000e+00 0.0000e+00 1.0000e+00 2.0000e-02 2.5000e-02 2.0000e-02 2.5000e-02 
26   5    0.500 0.150 5.0000e-04 1.0000e+00 0.0000e+00 0.0000e+00 1.0000e+00 2.0000e-02 2.5000e-02 2.0000e-02 2.5000e-02 
26   6    0.500 0.175 5.0000e-04 1.0000e+00 0.0000e+00 0.0000e+00 1.0000e+00 2.0000e-02 2.5000e-02 2.0000e-02 2.5000e-02 
26   7    0.500 0.200 5.0000e-04 1.0000e+00 0.0000e+00 0.0000e+00 1.0000e+00 2.0000e-02 2.5000e-02 2.0000e-02 2.5000e-02 
26   8    0.500 0.225 5.0000e-04 1.0000e+00 0.0000e+00 0.0000e+00 1.0000e+00 2.0000e-02 2.5000e-02 2.0000e-02 2.5000e-02 
26   9    0.500 0.250 5.0000e-04 1.0000e+00 0.0000e+00 0.0000e+00 1.0000e+00 2.0000e-02 2.5000e-02 2.0000e-02 2.5000e-02 
26   10   0.500 0.275 5.0000e-04 1.0000e+00 0.0000e+00 0.0000e+00 1.0000e+00 2.0000e-02 2.5000e-02 2.0000e-02 2.5000e-02 
27   1    0.520 0.050 5.0000e-04 1.0000e+00 0.0000e+00 0.0000e+00 1.0000e+00 2.0000e-02 2.5000e-02 2.0000e-02 2.5000e-02 
27   2    0.520 0.075 5.0000e-04 1.0000e+00 0.0000e+00 0.0000e+00 1.0000e+00 2.0000e-02 2.5000e-02 2.0000e-02 2.5000e-02 
27   3    0.520 0.100 5.0000e-04 1.0000e+00 0.0000e+00 0.0000e+00 1.0000e+00 2.0000e-02 2.5000e-02 2.0000e-02 2.5000e-02 
27   4    0.520 0.125 5.0000e-04 1.0000e+00 0.0000e+00 0.0000e+00 1.0000e+00 2.0000e-02 2.5000e-02 2.0000e-02 2.5000e-02 
27   5    0.520 0.150 5.0000e-04 1.0000e+00 0.0000e+00 0.0000e+00 1.0000e+00 2.0000e-02 2.5000e-02 2.0000e-02 2.5000e-02 
27   6    0.520 0.175 5.0000e-04 1.0000e+00 0.0000e+00 0.0000e+00 1.0000e+00 2.0000e-02 2.5000e-02 2.0000e-02 2.5000e-02 
27   7    0.520 0.200 5.0000e-04 1.0000e+00 0.0000e+00 0.0000e+00 1.0000e+00 2.0000e-02 2.5000e-02 2.0000e-02 2.5000e-02 
27   8    0.520 0.225 5.0000e-04 1.0000e+00 0.0000e+00 0.0000e+00 1.0000e+00 2.0000e-02 2.5000e-02 2.0000e-02 2.5000e-02 
27   9    0.520 0.250 5.0000e-04 1.0000e+00 0.0000e+00 0.0000e+00 1.0000e+00 2.0000e-02 2.5000e-02 2.0000e-02 2.5000e-02 
27   10   0.520 0.275 5.0000e-04 1.0000e+00 0.0000e+00 0.0000e+00 1.0000e+00 2.0000e-02 2.5000e-02 2.0000e-02 2.5000e-02 
28   1    0.540 0.050 5.0000e-04 1.0000e+00 0.0000e+00 0.0000e+00 1.0000e+00 2.0000e-02 2.5000e-02 2.0000e-02 2.5000e-02 
28   2    0.540 0.075 5.0000e-04 1.0000e+00 0.0000e+00 0.0000e+00 1.0000e+00 2.0000e-02 2.5000e-02 2.0000e-02 2.5000e-02 
28   3    0.540 0.100 5.0000e-04 1.0000e+00 0.0000e+00 0.0000e+00 1.0000e+00 2.0000e-02 2.5000e-02 2.0000e-02 2.5000e-02 
28   4    0.540 0.125 5.0000e-04 1.0000e+00 0.0000e+00 0.0000e+00 1.0000e+00 2.0000e-02 2.5000e-02 2.0000e-02 2.5000e-02 
28   5    0.540 0.150 5.0000e-04 1.0000e+00 0.0000e+00 0.0000e+00 1.0000e+00 2.0000e-02 2.5000e-02 2.0000e-02 2.5000e-02 
28   6    0.540 0.175 5.0000e-04 1.0000e+00 0.0000e+00 0.0000e+00 1.0000e+00 2.0000e-02 2.5000e-02 2.0000e-02 2.5000e-02 
28   7    0.540 0.200 5.0000e-04 1.0000e+00 0.0000e+00 0.0000e+00 1.0000e+00 2.0000e-02 2.5000e-02 2.0000e-02 2.5000e-02 
28   8    0.540 0.225 5.0000e-04 1.0000e+00 0.0000e+00 0.0000e+00 1.0000e+00 2.0000e-02 2.5000e-02 2.0000e-02 2.5000e-02 
28   9    0.540 0.250 5.0000e-04 1.0000e+00 0.0000e+00 0.0000e+00 1.0000e+00 2.0000e-02 2.5000e-02 2.0000e-02 2.5000e-02 
28   10   0.540 0.275 5.0000e-04 1.0000e+00 0.0000e+00 0.0000e+00 1.0000e+00 2.0000e-02 2.5000e-02 2.0000e-02 2.5000e-02 
29   1    0.560 0.050 5.0000e-04 1.0000e+00 0.0000e+00 0.0000e+00 1.0000e+00 2.0000e-02 2.5000e-02 2.0000e-02 2.5000e-02 
29   2    0.560 0.075 5.0000e-04 1.0000e+00 0.0000e+00 0.0000e+00 1.0000e+00 2.0000e-02 2.5000e-02 2.0000e-02 2.5000e-02 
29   3    0.560 0.100 5.0000e-04 1.0000e+00 0.0000e+00 0.0000e+00 1.0000e+00 2.0000e-02 2.5000e-02 2.0000e-02 2.5000e-02 
29   4    0.560 0.125 5.0000e-04 1.0000e+00 0.0000e+00 0.0000e+00 1.0000e+00 2.0000e-02 2.5000e-02 2.0000e-02 2.5000e-02 
29   5    0.560 0.150 5.0000e-04 1.0000e+00 0.0000e+00 0.0000e+00 1.0000e+00 2.0000e-02 2.5000e-02 2.0000e-02 2.5000e-02 
29   6    0.560 0.175 5.0000e-04 1.0000e+00 0.0000e+00 0.0000e+00 1.0000e+00 2.0000e-02 2.5000e-02 2.0000e-02 2.5000e-02 
29   7    0.560 0.200 5.0000e-04 1.0000e+00 0.0000e+00 0.0000e+00 1.0000e+00 2.0000e-02 2.5000e-02 2.0000e-02 2.5000e-02 
29   8    0.560 0.225 5.0000e-04 1.0000e+00 0.0000e+00 0.0000e+00 1.0000e+00 2.0000e-02 2.5000e-02 2.0000e-02 2.5000e-02 
29   9    0.560 0.250 5.0000e-04 1.0000e+00 0.0000e+00 0.0000e+00 1.0000e+00 2.0000e-02 2.5000e-02 2.0000e-02 2.5000e-02 
29   10   0.560 0.275 5.0000e-04 1.0000e+00 0.0000e+00 0.0000e+00 1.0000e+00 2.0000e-02 2.5000e-02 2.0000e-02 2.5000e-02 
30   1    0.580 0.050 5.0000e-04 1.0000e+00 0.0000e+00 0.0000e+00 1.0000e+00 2.0000e-02 2.5000e-02 2.0000e-02 2.5000e-02 
30   2    0.580 0.075 5.0000e-04 1.0000e+00 0.0000e+00 0.0000e+00 1.0000e+00 2.0000e-02 2.5000e-02 2.0000e-02 2.5000e-02 
30   3    0.580 0.100 5.0000e-04 1.0000e+00 0.0000e+00 0.0000e+00 1.0000e+00 2.0000e-02 2.5000e-02 2.0000e-02 2.5000e-02 
30   4    0.580 0.125 5.0000e-04 1.0000e+00 0.0000e+00 0.0000e+00 1.0000e+00 2.0000e-02 2.5000e-02 2.0000e-02 2.5000e-02 
30   5    0.580 0.150 5.0000e-04 1.0000e+00 0.0000e+00 0.0000e+00 1.0000e+00 2.0000e-02 2.5000e-02 2.0000e-02 2.5000e-02 
30   6    0.580 0.175 5.0000e-04 1.0000e+00 0.0000e+00 0.0000e+00 1.0000e+00 2.0000e-02 2.5000e-02 2.0000e-02 2.5000e-02 
30   7    0.580 0.200 5.0000e-04 1.0000e+00 0.0000e+00 0.0000e+00 1.0000e+00 2.0000e-02 2.5000e-02 2.0000e-02 2.5000e-02 
30   8    0.580 0.225 5.0000e-04 1.0000e+00 0.0000e+00 0.0000e+00 1.0000e+00 2.0000e-02 2.5000e-02 2.0000e-02 2.5000e-02 
30   9    0.580 0.250 5.0000e-04 1.0000e+00 0.0000e+00 0.0000e+00 1.0000e+00 2.0000e-02 2.5000e-02 2.0000e-02 2.5000e-02 
30   10   0.580 0.275 5.0000e-04 1.0000e+00 0.0000e+00 0.0000e+00 1.0000e+00 2.0000e-02 2.5000e-02 2.0000e-02 2.5000e-02 
31   1    0.600 0.050 5.0000e-04 1.0000e+00 0.0000e+00 0.0000e+00 1.0000e+00 2.0000e-02 2.5000e-02 2.0000e-02 2.5000e-02 
31   2    0.600 0.075 5.0000e-04 1.0000e+00 0.0000e+00 0.0000e+00 1.0000e+00 2.0000e-02 2.5000e-02 2.0000e-02 2.5000e-02 
31   3    0.600 0.100 5.0000e-04 1.0000e+00 0.0000e+00 0.0000e+00 1.0000e+00 2.0000e-02 2.5000e-02 2.0000e-02 2.5000e-02 
31   4    0.600 0.125 5.0000e-04 1.0000e+00 0.0000e+00 0.0000e+00 1.0000e+00 2.0000e-02 2.5000e-02 2.0000e-02 2.5000e-02 
31   5    0.600 0.150 5.0000e-04 1.0000e+00 0.0000e+00 0.0000e+00 1.0000e+00 2.0000e-02 2.5000e-02 2.0000e-02 2.5000e-02 
31   6    0.600 0.175 5.0000e-04 1.0000e+00 0.0000e+00 0.0000e+00 1.0000e+00 2.0000e-02 2.5000e-02 2.0000e-02 2.5000e-02 
31   7    0.600 0.200 5.0000e-04 1.0000e+00 0.0000e+00 0.0000e+00 1.0000e+00 2.0000e-02 2.5000e-02 2.0000e-02 2.5000e-02 
31   8    0.600 0.225 5.0000e-04 1.0000e+00 0.0000e+00 0.0000e+00 1.0000e+00 2.0000e-02 2.5000e-02 2.0000e-02 2.5000e-02 
31   9    0.600 0.250 5.0000e-04 1.0000e+00 0.0000e+00 0.0000e+00 1.0000e+00 2.0000e-02 2.5000e-02 2.0000e-02 2.5000e-02 
31   10   0.600 0.275 5.0000e-04 1.0000e+00 0.0000e+00 0.0000e+00 1.0000e+00 2.0000e-02 2.5000e-02 2.0000e-02 2.5000e-02 
32   1    0.620 0.050 5.0000e-04 1.0000e+00 0.0000e+00 0.0000e+00 1.0000e+00 2.0000e-02 2.5000e-02 2.0000e-02 2.5000e-02 
32   2    0.620 0.075 5.0000e-04 1.0000e+00 0.0000e+00 0.0000e+00 1.0000e+00 2.0000e-02 2.5000e-02 2.0000e-02 2.5000e-02 
32   3    0.620 0.100 5.0000e-04 1.0000e+00 0.0000e+00 0.0000e+00 1.0000e+00 2.0000e-02 2.5000e-02 2.0000e-02 2.5000e-02 
32   4    0.620 0.125 5.0000e-04 1.0000e+00 0.0000e+00 0.0000e+00 1.0000e+00 2.0000e-02 2.5000e-02 2.0000e-02 2.5000e-02 
32   5    0.620 0.150 5.0000e-04 1.0000e+00 0.0000e+00 0.0000e+00 1.0000e+00 2.0000e-02 2.5000e-02 2.0000e-02 2.5000e-02 
32   6    0.620 0.175 5.0000e-04 1.0000e+00 0.0000e+00 0.0000e+00 1.0000e+00 2.0000e-02 2.5000e-02 2.0000e-02 2.5000e-02 
32   7    0.620 0.200 5.0000e-04 1.0000e+00 0.0000e+00 0.0000e+00 1.0000e+00 2.0000e-02 2.5000e-02 2.0000e-02 2.5000e-02 
32   8    0.620 0.225 5.0000e-04 1.0000e+00 0.0000e+00 0.0000e+00 1.0000e+00 2.0000e-02 2.5000e-02 2.0000e-02 2.5000e-02 
32   9    0.620 0.250 5.0000e-04 1.0000e+00 0.0000e+00 0.0000e+00 1.0000e+00 2.0000e-02 2.5000e-02 2.0000e-02 2.5000e-02 
32   10   0.620 0.275 5.0000e-04 1.0000e+00 0.0000e+00 0.0000e+00 1.0000e+00 2.0000e-02 2.5000e-02 2.0000e-02 2.5000e-02 
33   1    0.640 0.050 5.0000e-04 1.0000e+00 0.0000e+00 0.0000e+00 1.0000e+00 2.0000e-02 2.5000e-02 2.0000e-02 2.5000e-02 
33   2    0.640 0.075 5.0000e-04 1.0000e+00 0.0000e+00 0.0000e+00 1.0000e+00 2.0000e-02 2.5000e-02 2.0000e-02 2.5000e-02 
33   3    0.640 0.100 5.0000e-04 1.0000e+00 0.0000e+00 0.0000e+00 1.0000e+00 2.0000e-02 2.5000e-02 2.0000e-02 2.5000e-02 
33   4    0.640 0.125 5.0000e-04 1.0000e+00 0.0000e+00 0.0000e+00 1.0000e+00 2.0000e-02 2.5000e-02 2.0000e-02 2.5000e-02 
33   5    0.640 0.150 5.0000e-04 1.0000e+00 0.0000e+00 0.0000e+00 1.0000e+00 2.0000e-02 2.5000e-02 2.0000e-02 2.5000e-02 
33   6    0.640 0.175 5.0000e-04 1.0000e+00 0.0000e+00 0.0000e+00 1.0000e+00 2.0000e-02 2.5000e-02 2.0000e-02 2.5000e-02 
33   7    0.640 0.200 5.0000e-04 1.0000e+00 0.0000e+00 0.0000e+00 1.0000e+00 2.0000e-02 2.5000e-02 2.0000e-02 2.5000e-02 
33   8    0.640 0.225 5.0000e-04 1.0000e+00 0.0000e+00 0.0000e+00 1.0000e+00 2.0000e-02 2.5000e-02 2.0000e-02 2.5000e-02 
33   9    0.640 0.250 5.0000e-04 1.0000e+00 0.0000e+00 0.0000e+00 1.0000e+00 2.0000e-02 2.5000e-02 2.0000e-02 2.5000e-02 
33   10   0.640 0.275 5.0000e-04 1.0000e+00 0.0000e+00 0.0000e+00 1.0000e+00 2.0000e-02 2.5000e-02 2.0000e-02 2.5000e-02 
34   1    0.660 0.050 5.0000e-04 1.0000e+00 0.0000e+00 0.0000e+00 1.0000e+00 2.0000e-02 2.5000e-02 2.0000e-02 2.5000e-02 
34   2    0.660 0.075 5.0000e-04 1.0000e+00 0.0000e+00 0.0000e+00 1.0000e+00 2.0000e-02 2.5000e-02 2.0000e-02 2.5000e-02 
34   3    0.660 0.100 5.0000e-04 1.0000e+00 0.0000e+00 0.0000e+00 1.0000e+00 2.0000e-02 2.5000e-02 2.0000e-02 2.5000e-02 
34   4    0.660 0.125 5.0000e-04 1.0000e+00 0.0000e+00 0.0000e+00 1.0000e+00 2.0000e-02 2.5000e-02 2.0000e-02 2.5000e-02 
34   5    0.660 0.150 5.0000e-04 1.0000e+00 0.0000e+00 0.0000e+00 1.0000e+00 2.0000e-02 2.5000e-02 2.0000e-02 2.5000e-02 
34   6    0.660 0.175 5.0000e-04 1.0000e+00 0.0000e+00 0.0000e+00 1.0000e+00 2.0000e-02 2.5000e-02 2.0000e-02 2.5000e-02 
34   7    0.660 0.200 5.0000e-04 1.0000e+00 0.0000e+00 0.0000e+00 1.0000e+00 2.0000e-02 2.5000e-02 2.0000e-02 2.5000e-02 
34   8    0.660 0.225 5.0000e-04 1.0000e+00 0.0000e+00 0.0000e+00 1.0000e+00 2.0000e-02 2.5000e-02 2.0000e-02 2.5000e-02 
34   9    0.660 0.250 5.0000e-04 1.0000e+00 0.0000e+00 0.0000e+00 1.0000e+00 2.0000e-02 2.5000e-02 2.0000e-02 2.5000e-02 
34   10   0.660 0.275 5.0000e-04 1.0000e+00 0.0000e+00 0.0000e+00 1.0000e+00 2.0000e-02 2.5000e-02 2.0000e-02 2.5000e-02 
35   1    0.680 0.050 5.0000e-04 1.0000e+00 0.0000e+00 0.0000e+00 1.0000e+00 2.0000e-02 2.5000e-02 2.0000e-02 2.5000e-02 
35   2    0.680 0.075 5.0000e-04 1.0000e+00 0.0000e+00 0.0000e+00 1.0000e+00 2.0000e-02 2.5000e-02 2.0000e-02 2.5000e-02 
35   3    0.680 0.100 5.0000e-04 1.0000e+00 0.0000e+00 0.0000e+00 1.0000e+00 2.0000e-02 2.5000e-02 2.0000e-02 2.5000e-02 
35   4    0.680 0.125 5.0000e-04 1.0000e+00 0.0000e+00 0.0000e+00 1.0000e+00 2.0000e-02 2.5000e-02 2.0000e-02 2.5000e-02 
35   5    0.680 0.150 5.0000e-04 1.0000e+00 0.0000e+00 0.0000e+00 1.0000e+00 2.0000e-02 2.5000e-02 2.0000e-02 2.5000e-02 
35   6    0.680 0.175 5.0000e-04 1.0000e+00 0.0000e+00 0.0000e+00 1.0000e+00 2.0000e-02 2.5000e-02 2.0000e-02 2.5000e-02 
35   7    0.680 0.200 5.0000e-04 1.0000e+00 0.0000e+00 0.0000e+00 1.0000e+00 2.0000e-02 2.5000e-02 2.0000e-02 2.5000e-02 
35   8    0.680 0.225 5.0000e-04 1.0000e+00 0.0000e+00 0.0000e+00 1.0000e+00 2.0000e-02 2.5000e-02 2.0000e-02 2.5000e-02 
35   9    0.680 0.250 5.0000e-04 1.0000e+00 0.0000e+00 0.0000e+00 1.0000e+00 2.0000e-02 2.5000e-02 2.0000e-02 2.5000e-02 
35   10   0.680 0.275 5.0000e-04 1.0000e+00 0.0000e+00 0.0000e+00 1.0000e+00 2.0000e-02 2.5000e-02 2.0000e-02 2.5000e-02 
36   1    0.700 0.050 5.0000e-04 1.0000e+00 0.0000e+00 0.0000e+00 1.0000e+00 2.0000e-02 2.5000e-02 2.0000e-02 2.5000e-02 
36   2    0.700 0.075 5.0000e-04 1.0000e+00 0.0000e+00 0.0000e+00 1.0000e+00 2.0000e-02 2.5000e-02 2.0000e-02 2.5000e-02 
36   3    0.700 0.100 5.0000e-04 1.0000e+00 0.0000e+00 0.0000e+00 1.0000e+00 2.0000e-02 2.5000e-02 2.0000e-02 2.5000e-02 
36   4    0.700 0.125 5.0000e-04 1.0000e+00 0.0000e+00 0.0000e+00 1.0000e+00 2.0000e-02 2.5000e-02 2.0000e-02 2.5000e-02 
36   5    0.700 0.150 5.0000e-04 1.0000e+00 0.0000e+00 0.0000e+00 1.0000e+00 2.0000e-02 2.5000e-02 2.0000e-02 2.5000e-02 
36   6    0.700 0.175 5.0000e-04 1.0000e+00 0.0000e+00 0.0000e+00 1.0000e+00 2.0000e-02 2.5000e-02 2.0000e-02 2.5000e-02 
36   7    0.700 0.200 5.0000e-04 1.0000e+00 0.0000e+00 0.0000e+00 1.0000e+00 2.0000e-02 2.5000e-02 2.0000e-02 2.5000e-02 
36   8    0.700 0.225 5.0000e-04 1.0000e+00 0.0000e+00 0.0000e+00 1.0000e+00 2.0000e-02 2.5000e-02 2.0000e-02 2.5000e-02 
36   9    0.700 0.250 5.0000e-04 1.0000e+00 0.0000e+00 0.0000e+00 1.0000e+00 2.0000e-02 2.5000e-02 2.0000e-02 2.5000e-02 
36   10   0.700 0.275 5.0000e-04 1.0000e+00 0.0000e+00 0.0000e+00 1.0000e+00 2.0000e-02 2.5000e-02 2.0000e-02 2.5000e-02 
37   1    0.720 0.050 5.0000e-04 1.0000e+00 0.0000e+00 0.0000e+00 1.0000e+00 2.0000e-02 2.5000e-02 2.0000e-02 2.5000e-02 
37   2    0.720 0.075 5.0000e-04 1.0000e+00 0.0000e+00 0.0000e+00 1.0000e+00 2.0000e-02 2.5000e-02 2.0000e-02 2.5000e-02 
37   3    0.720 0.100 5.0000e-04 1.0000e+00 0.0000e+00 0.0000e+00 1.0000e+00 2.0000e-02 2.5000e-02 2.0000e-02 2.5000e-02 
37   4    0.720 0.125 5.0000e-04 1.0000e+00 0.0000e+00 0.0000e+00 1.0000e+00 2.0000e-02 2.5000e-02 2.0000e-02 2.5000e-02 
37   5    0.720 0.150 5.0000e-04 1.0000e+00 0.0000e+00 0.0000e+00 1.0000e+00 2.0000e-02 2.5000e-02 2.0000e-02 2.5000e-02 
37   6    0.720 0.175 5.0000e-04 1.0000e+00 0.0000e+00 0.0000e+00 1.0000e+00 2.0000e-02 2.5000e-02 2.0000e-02 2.5000e-02 
37   7    0.720 0.200 5.0000e-04 1.0000e+00 0.0000e+00 0.0000e+00 1.0000e+00 2.0000e-02 2.5000e-02 2.0000e-02 2.5000e-02 
37   8    0.720 0.225 5.0000e-04 1.0000e+00 0.0000e+00 0.0000e+00 1.0000e+00 2.0000e-02 2.5000e-02 2.0000e-02 2.5000e-02 
37   9    0.720 0.250 5.0000e-04 1.0000e+00 0.0000e+00 0.0000e+00 1.0000e+00 2.0000e-02 2.5000e-02 2.0000e-02 2.5000e-02 
37   10   0.720 0.275 5.0000e-04 1.0000e+00 0.0000e+00 0.0000e+00 1.0000e+00 2.0000e-02 2.5000e-02 2.0000e-02 2.5000e-02 
38   1    0.740 0.050 5.0000e-04 1.0000e+00 0.0000e+00 0.0000e+00 1.0000e+00 2.0000e-02 2.5000e-02 2.0000e-02 2.5000e-02 
38   2    0.740 0.075 5.0000e-04 1.0000e+00 0.0000e+00 0.0000e+00 1.0000e+00 2.0000e-02 2.5000e-02 2.0000e-02 2.5000e-02 
38   3    0.740 0.100 5.0000e-04 1.0000e+00 0.0000e+00 0.0000e+00 1.0000e+00 2.0000e-02 2.5000e-02 2.0000e-02 2.5000e-02 
38   4    0.740 0.125 5.0000e-04 1.0000e+00 0.0000e+00 0.0000e+00 1.0000e+00 2.0000e-02 2.5000e-02 2.0000e-02 2.5000e-02 
38   5    0.740 0.150 5.0000e-04 1.0000e+00 0.0000e+00 0.0000e+00 1.0000e+00 2.0000e-02 2.5000e-02 2.0000e-02 2.5000e-02 
38   6    0.740 0.175 5.0000e-04 1.0000e+00 0.0000e+00 0.0000e+00 1.0000e+00 2.0000e-02 2.5000e-02 2.0000e-02 2.5000e-02 
38   7    0.740 0.200 5.0000e-04 1.0000e+00 0.0000e+00 0.0000e+00 1.0000e+00 2.0000e-02 2.5000e-02 2.0000e-02 2.5000e-02 
38   8    0.740 0.225 5.0000e-04 1.0000e+00 0.0000e+00 0.0000e+00 1.0000e+00 2.0000e-02 2.5000e-02 2.0000e-02 2.5000e-02 
38   9    0.740 0.250 5.0000e-04 1.0000e+00 0.0000e+00 0.0000e+00 1.0000e+00 2.0000e-02 2.5000e-02 2.0000e-02 2.5000e-02 
38   10   0.740 0.275 5.0000e-04 1.0000e+00 0.0000e+00 0.0000e+00 1.0000e+00 2.0000e-02 2.5000e-02 2.0000e-02 2.5000e-02 
39   1    0.760 0.050 5.0000e-04 1.0000e+00 0.0000e+00 0.0000e+00 1.0000e+00 2.0000e-02 2.5000e-02 2.0000e-02 2.5000e-02 
39   2    0.760 0.075 5.0000e-04 1.0000e+00 0.0000e+00 0.0000e+00 1.0000e+00 2.0000e-02 2.5000e-02 2.0000e-02 2.5000e-02 
39   3    0.760 0.100 5.0000e-04 1.0000e+00 0.0000e+00 0.0000e+00 1.0000e+00 2.0000e-02 2.5000e-02 2.0000e-02 2.5000e-02 
39   4    0.760 0.125 5.0000e-04 1.0000e+00 0.0000e+00 0.0000e+00 1.0000e+00 2.0000e-02 2.5000e-02 2.0000e-02 2.5000e-02 
39   5    0.760 0.150 5.0000e-04 1.0000e+00 0.0000e+00 0.0000e+00 1.0000e+00 2.0000e-02 2.5000e-02 2.0000e-02 2.5000e-02 
39   6    0.760 0.175 5.0000e-04 1.0000e+00 0.0000e+00 0.0000e+00 1.0000e+00 2.0000e-02 2.5000e-02 2.0000e-02 2.5000e-02 
39   7    0.760 0.200 5.0000e-04 1.0000e+00 0.0000e+00 0.0000e+00 1.0000e+00 2.0000e-02 2.5000e-02 2.0000e-02 2.5000e-02 
39   8    0.760 0.225 5.0000e-04 1.0000e+00 0.0000e+00 0.0000e+00 1.0000e+00 2.0000e-02 2.5000e-02 2.0000e-02 2.5000e-02 
39   9    0.760 0.250 5.0000e-04 1.0000e+00 0.0000e+00 0.0000e+00 1.0000e+00 2.0000e-02 2.5000e-02 2.0000e-02 2.5000e-02 
39   10   0.760 0.275 5.0000e-04 1.0000e+00 0.0000e+00 0.0000e+00 1.0000e+00 2.0000e-02 2.5000e-02 2.0000e-02 2.5000e-02 
40   1    0.780 0.050 5.0000e-04 1.0000e+00 0.0000e+00 0.0000e+00 1.0000e+00 2.0000e-02 2.5000e-02 2.0000e-02 2.5000e-02 
40   2    0.780 0.075 5.0000e-04 1.0000e+00 0.0000e+00 0.0000e+00 1.0000e+00 2.0000e-02 2.5000e-02 2.0000e-02 2.5000e-02 
40   3    0.780 0.100 5.0000e-04 1.0000e+00 0.0000e+00 0.0000e+00 1.0000e+00 2.0000e-02 2.5000e-02 2.0000e-02 2.5000e-02 
40   4    0.780 0.125 5.0000e-04 1.0000e+00 0.0000e+00 0.0000e+00 1.0000e+00 2.0000e-02 2.5000e-02 2.0000e-02 2.5000e-02 
40   5    0.780 0.150 5.0000e-04 1.0000e+00 0.0000e+00 0.0000e+00 1.0000e+00 2.0000e-02 2.5000e-02 2.0000e-02 2.5000e-02 
40   6    0.780 0.175 5.0000e-04 1.0000e+00 0.0000e+00 0.0000e+00 1.0000e+00 2.0000e-02 2.5000e-02 2.0000e-02 2.5000e-02 
40   7    0.780 0.200 5.0000e-04 1.0000e+00 0.0000e+00 0.0000e+00 1.0000e+00 2.0000e-02 2.5000e-02 2.0000e-02 2.5000e-02 
40   8    0.780 0.225 5.0000e-04 1.0000e+00 0.0000e+00 0.0000e+00 1.0000e+00 2.0000e-02 2.5000e-02 2.0000e-02 2.5000e-02 
40   9    0.780 0.250 5.0000e-04 1.0000e+00 0.0000e+00 0.0000e+00 1.0000e+00 2.0000e-02 2.5000e-02 2.0000e-02 2.5000e-02 
40   10   0.780 0.275 5.0000e-04 1.0000e+00 0.0000e+00 0.0000e+00 1.0000e+00 2.0000e-02 2.5000e-02 2.0000e-02 2.5000e-02 
41   1    0.800 0.050 5.0000e-04 1.0000e+00 0.0000e+00 0.0000e+00 1.0000e+00 2.0000e-02 2.5000e-02 2.0000e-02 2.5000e-02 
41   2    0.800 0.075 5.0000e-04 1.0000e+00 0.0000e+00 0.0000e+00 1.0000e+00 2.0000e-02 2.5000e-02 2.0000e-02 2.5000e-02 
41   3    0.800 0.100 5.0000e-04 1.0000e+00 0.0000e+00 0.0000e+00 1.0000e+00 2.0000e-02 2.5000e-02 2.0000e-02 2.5000e-02 
41   4    0.800 0.125 5.0000e-04 1.0000e+00 0.0000e+00 0.0000e+00 1.0000e+00 2.0000e-02 2.5000e-02 2.0000e-02 2.5000e-02 
41   5    0.800 0.150 5.0000e-04 1.0000e+00 0.0000e+00 0.0000e+00 1.0000e+00 2.0000e-02 2.5000e-02 2.0000e-02 2.5000e-02 
41   6    0.800 0.175 5.0000e-04 1.0000e+00 0.0000e+00 0.0000e+00 1.0000e+00 2.0000e-02 2.5000e-02 2.0000e-02 2.5000e-02 
41   7    0.800 0.200 5.0000e-04 1.0000e+00 0.0000e+00 0.0000e+00 1.0000e+00 2.0000e-02 2.5000e-02 2.0000e-02 2.5000e-02 
41   8    0.800 0.225 5.0000e-04 1.0000e+00 0.0000e+00 0.0000e+00 1.0000e+00 2.0000e-02 2.5000e-02 2.0000e-02 2.5000e-02 
41   9    0.800 0.250 5.0000e-04 1.0000e+00 0.0000e+00 0.0000e+00 1.0000e+00 2.0000e-02 2.5000e-02 2.0000e-02 2.5000e-02 
41   10   0.800 0.275 5.0000e-04 1.0000e+00 0.0000e+00 0.0000e+00 1.0000e+00 2.0000e-02 2.5000e-02 2.0000e-02 2.5000e-02 
42   1    0.820 0.050 5.0000e-04 1.0000e+00 0.0000e+00 0.0000e+00 1.0000e+00 2.0000e-02 2.5000e-02 2.0000e-02 2.5000e-02 
42   2    0.820 0.075 5.0000e-04 1.0000e+00 0.0000e+00 0.0000e+00 1.0000e+00 2.0000e-02 2.5000e-02 2.0000e-02 2.5000e-02 
42   3    0.820 0.100 5.0000e-04 1.0000e+00 0.0000e+00 0.0000e+00 1.0000e+00 2.0000e-02 2.5000e-02 2.0000e-02 2.5000e-02 
42   4    0.820 0.125 5.0000e-04 1.0000e+00 0.0000e+00 0.0000e+00 1.0000e+00 2.0000e-02 2.5000e-02 2.0000e-02 2.5000e-02 
42   5    0.820 0.150 5.0000e-04 1.0000e+00 0.0000e+00 0.0000e+00 1.0000e+00 2.0000e-02 2.5000e-02 2.0000e-02 2.5000e-02 
42   6    0.820 0.175 5.0000e-04 1.0000e+00 0.0000e+00 0.0000e+00 1.0000e+00 2.0000e-02 2.5000e-02 2.0000e-02 2.5000e-02 
42   7    0.820 0.200 5.0000e-04 1.0000e+00 0.0000e+00 0.0000e+00 1.0000e+00 2.0000e-02 2.5000e-02 2.0000e-02 2.5000e-02 
42   8    0.820 0.225 5.0000e-04 1.0000e+00 0.0000e+00 0.0000e+00 1.0000e+00 2.0000e-02 2.5000e-02 2.0000e-02 2.5000e-02 
42   9    0.820 0.250 5.0000e-04 1.0000e+00 0.0000e+00 0.0000e+00 1.0000e+00 2.0000e-02 2.5000e-02 2.0000e-02 2.5000e-02 
42   10   0.820 0.275 5.0000e-04 1.0000e+00 0.0000e+00 0.0000e+00 1.0000e+00 2.0000e-02 2.5000e-02 2.0000e-02 2.5000e-02 
43   1    0.840 0.050 5.0000e-04 1.0000e+00 0.0000e+00 0.0000e+00 1.0000e+00 2.0000e-02 2.5000e-02 2.0000e-02 2.5000e-02 
43   2    0.840 0.075 5.0000e-04 1.0000e+00 0.0000e+00 0.0000e+00 1.0000e+00 2.0000e-02 2.5000e-02 2.0000e-02 2.5000e-02 
43   3    0.840 0.100 5.0000e-04 1.0000e+00 0.0000e+00 0.0000e+00 1.0000e+00 2.0000e-02 2.5000e-02 2.0000e-02 2.5000e-02 
43   4    0.840 0.125 5.0000e-04 1.0000e+00 0.0000e+00 0.0000e+00 1.0000e+00 2.0000e-02 2.5000e-02 2.0000e-02 2.5000e-02 
43   5    0.840 0.150 5.0000e-04 1.0000e+00 0.0000e+00 0.0000e+00 1.0000e+00 2.0000e-02 2.5000e-02 2.0000e-02 2.5000e-02 
43   6    0.840 0.175 5.0000e-04 1.0000e+00 0.0000e+00 0.0000e+00 1.0000e+00 2.0000e-02 2.5000e-02 2.0000e-02 2.5000e-02 
43   7    0.840 0.200 5.0000e-04 1.0000e+00 0.0000e+00 0.0000e+00 1.0000e+00 2.0000e-02 2.5000e-02 2.0000e-02 2.5000e-02 
43   8    0.840 0.225 5.0000e-04 1.0000e+00 0.0000e+00 0.0000e+00 1.0000e+00 2.0000e-02 2.5000e-02 2.0000e-02 2.5000e-02 
43   9    0.840 0.250 5.0000e-04 1.0000e+00 0.0000e+00 0.0000e+00 1.0000e+00 2.0000e-02 2.5000e-02 2.0000e-02 2.5000e-02 
43   10   0.840 0.275 5.0000e-04 1.0000e+00 0.0000e+00 0.0000e+00 1.0000e+00 2.0000e-02 2.5000e-02 2.0000e-02 2.5000e-02 
44   1    0.860 0.050 5.0000e-04 1.0000e+00 0.0000e+00 0.0000e+00 1.0000e+00 2.0000e-02 2.5000e-02 2.0000e-02 2.5000e-02 
44   2    0.860 0.075 5.0000e-04 1.0000e+00 0.0000e+00 0.0000e+00 1.0000e+00 2.0000e-02 2.5000e-02 2.0000e-02 2.5000e-02 
44   3    0.860 0.100 5.0000e-04 1.0000e+00 0.0000e+00 0.0000e+00 1.0000e+00 2.0000e-02 2.5000e-02 2.0000e-02 2.5000e-02 
44   4    0.860 0.125 5.0000e-04 1.0000e+00 0.0000e+00 0.0000e+00 1.0000e+00 2.0000e-02 2.5000e-02 2.0000e-02 2.5000e-02 
44   5    0.860 0.150 5.0000e-04 1.0000e+00 0.0000e+00 0.0000e+00 1.0000e+00 2.0000e-02 2.5000e-02 2.0000e-02 2.5000e-02 
44   6    0.860 0.175 5.0000e-04 1.0000e+00 0.0000e+00 0.0000e+00 1.0000e+00 2.0000e-02 2.5000e-02 2.0000e-02 2.5000e-02 
44   7    0.860 0.200 5.0000e-04 1.0000e+00 0.0000e+00 0.0000e+00 1.0000e+00 2.0000e-02 2.5000e-02 2.0000e-02 2.5000e-02 
44   8    0.860 0.225 5.0000e-04 1.0000e+00 0.0000e+00 0.0000e+00 1.0000e+00 2.0000e-02 2.5000e-02 2.0000e-02 2.5000e-02 
44   9    0.860 0.250 5.0000e-04 1.0000e+00 0.0000e+00 0.0000e+00 1.0000e+00 2.0000e-02 2.5000e-02 2.0000e-02 2.5000e-02 
44   10   0.860 0.275 5.0000e-04 1.0000e+00 0.0000e+00 0.0000e+00 1.0000e+00 2.0000e-02 2.5000e-02 2.0000e-02 2.5000e-02 
45   1    0.880 0.050 5.0000e-04 1.0000e+00 0.0000e+00 0.0000e+00 1.0000e+00 2.0000e-02 2.5000e-02 2.0000e-02 2.5000e-02 
45   2    0.880 0.075 5.0000e-04 1.0000e+00 0.0000e+00 0.0000e+00 1.0000e+00 2.0000e-02 2.5000e-02 2.0000e-02 2.5000e-02 
45   3    0.880 0.100 5.0000e-04 1.0000e+00 0.0000e+00 0.0000e+00 1.0000e+00 2.0000e-02 2.5000e-02 2.0000e-02 2.5000e-02 
45   4    0.880 0.125 5.0000e-04 1.0000e+00 0.0000e+00 0.0000e+00 1.0000e+00 2.0000e-02 2.5000e-02 2.0000e-02 2.5000e-02 
45   5    0.880 0.150 5.0000e-04 1.0000e+00 0.0000e+00 0.0000e+00 1.0000e+00 2.0000e-02 2.5000e-02 2.0000e-02 2.5000e-02 
45   6    0.880 0.175 5.0000e-04 1.0000e+00 0.0000e+00 0.0000e+00 1.0000e+00 2.0000e-02 2.5000e-02 2.0000e-02 2.5000e-02 
45   7    0.880 0.200 5.0000e-04 1.0000e+00 0.0000e+00 0.0000e+00 1.0000e+00 2.0000e-02 2.5000e-02 2.0000e-02 2.5000e-02 
45   8    0.880 0.225 5.0000e-04 1.0000e+00 0.0000e+00 0.0000e+00 1.0000e+00 2.0000e-02 2.5000e-02 2.0000e-02 2.5000e-02 
45   9    0.880 0.250 5.0000e-04 1.0000e+00 0.0000e+00 0.0000e+00 1.0000e+00 2.0000e-02 2.5000e-02 2.0000e-02 2.5000e-02 
45   10   0.880 0.275 5.0000e-04 1.0000e+00 0.0000e+00 0.0000e+00 1.0000e+00 2.0000e-02 2.5000e-02 2.0000e-02 2.5000e-02 
46   1    0.900 0.050 5.0000e-04 1.0000e+00 0.0000e+00 0.0000e+00 1.0000e+00 2.0000e-02 2.5000e-02 2.0000e-02 2.5000e-02 
46   2    0.900 0.075 5.0000e-04 1.0000e+00 0.0000e+00 0.0000e+00 1.0000e+00 2.0000e-02 2.5000e-02 2.0000e-02 2.5000e-02 
46   3    0.900 0.100 5.0000e-04 1.0000e+00 0.0000e+00 0.0000e+00 1.0000e+00 2.0000e-02 2.5000e-02 2.0000e-02 2.5000e-02 
46   4    0.900 0.125 5.0000e-04 1.0000e+00 0.0000e+00 0.0000e+00 1.0000e+00 2.0000e-02 2.5000e-02 2.0000e-02 2.5000e-02 
46   5    0.900 0.150 5.0000e-04 1.0000e+00 0.0000e+00 0.0000e+00 1.0000e+00 2.0000e-02 2.5000e-02 2.0000e-02 2.5000e-02 
46   6    0.900 0.175 5.0000e-04 1.0000e+00 0.0000e+00 0.0000e+00 1.0000e+00 2.0000e-02 2.5000e-02 2.0000e-02 2.5000e-02 
46   7    0.900 0.200 5.0000e-04 1.0000e+00 0.0000e+00 0.0000e+00 1.0000e+00 2.0000e-02 2.5000e-02 2.0000e-02 2.5000e-02 
46   8    0.900 0.225 5.0000e-04 1.0000e+00 0.0000e+00 0.0000e+00 1.0000e+00 2.0000e-02 2.5000e-02 2.0000e-02 2.5000e-02 
46   9    0.900 0.250 5.0000e-04 1.0000e+00 0.0000e+00 0.0000e+00 1.0000e+00 2.0000e-02 2.5000e-02 2.0000e-02 2.5000e-02 
46   10   0.900 0.275 5.0000e-04 1.0000e+00 0.0000e+00 0.0000e+00 1.0000e+00 2.0000e-02 2.5000e-02 2.0000e-02 2.5000e-02 
47   1    0.920 0.050 5.0000e-04 1.0000e+00 0.0000e+00 0.0000e+00 1.0000e+00 2.0000e-02 2.5000e-02 2.0000e-02 2.5000e-02 
47   2    0.920 0.075 5.0000e-04 1.0000e+00 0.0000e+00 0.0000e+00 1.0000e+00 2.0000e-02 2.5000e-02 2.0000e-02 2.5000e-02 
47   3    0.920 0.100 5.0000e-04 1.0000e+00 0.0000e+00 0.0000e+00 1.0000e+00 2.0000e-02 2.5000e-02 2.0000e-02 2.5000e-02 
47   4    0.920 0.125 5.0000e-04 1.0000e+00 0.0000e+00 0.0000e+00 1.0000e+00 2.0000e-02 2.5000e-02 2.0000e-02 2.5000e-02 
47   5    0.920 0.150 5.0000e-04 1.0000e+00 0.0000e+00 0.0000e+00 1.0000e+00 2.0000e-02 2.5000e-02 2.0000e-02 2.5000e-02 
47   6    0.920 0.175 5.0000e-04 1.0000e+00 0.0000e+00 0.0000e+00 1.0000e+00 2.0000e-02 2.5000e-02 2.0000e-02 2.5000e-02 
47   7    0.920 0.200 5.0000e-04 1.0000e+00 0.0000e+00 0.0000e+00 1.0000e+00 2.0000e-02 2.5000e-02 2.0000e-02 2.5000e-02 
47   8    0.920 0.225 5.0000e-04 1.0000e+00 0.0000e+00 0.0000e+00 1.0000e+00 2.0000e-02 2.5000e-02 2.0000e-02 2.5000e-02 
47   9    0.920 0.250 5.0000e-04 1.0000e+00 0.0000e+00 0.0000e+00 1.0000e+00 2.0000e-02 2.5000e-02 2.0000e-02 2.5000e-02 
47   10   0.920 0.275 5.0000e-04 1.0000e+00 0.0000e+00 0.0000e+00 1.0000e+00 2.0000e-02 2.5000e-02 2.0000e-02 2.5000e-02 
48   1    0.940 0.050 5.0000e-04 1.0000e+00 0.0000e+00 0.0000e+00 1.0000e+00 2.0000e-02 2.5000e-02 2.0000e-02 2.5000e-02 
48   2    0.940 0.075 5.0000e-04 1.0000e+00 0.0000e+00 0.0000e+00 1.0000e+00 2.0000e-02 2.5000e-02 2.0000e-02 2.5000e-02 
48   3    0.940 0.100 5.0000e-04 1.0000e+00 0.0000e+00 0.0000e+00 1.0000e+00 2.0000e-02 2.5000e-02 2.0000e-02 2.5000e-02 
48   4    0.940 0.125 5.0000e-04 1.0000e+00 0.0000e+00 0.0000e+00 1.0000e+00 2.0000e-02 2.5000e-02 2.0000e-02 2.5000e-02 
48   5    0.940 0.150 5.0000e-04 1.0000e+00 0.0000e+00 0.0000e+00 1.0000e+00 2.0000e-02 2.5000e-02 2.0000e-02 2.5000e-02 
48   6    0.940 0.175 5.0000e-04 1.0000e+00 0.0000e+00 0.0000e+00 1.0000e+00 2.0000e-02 2.5000e-02 2.0000e-02 2.5000e-02 
48   7    0.940 0.200 5.0000e-04 1.0000e+00 0.0000e+00 0.0000e+00 1.0000e+00 2.0000e-02 2.5000e-02 2.0000e-02 2.5000e-02 
48   8    0.940 0.225 5.0000e-04 1.0000e+00 0.0000e+00 0.0000e+00 1.0000e+00 2.0000e-02 2.5000e-02 2.0000e-02 2.5000e-02 
48   9    0.940 0.250 5.0000e-04 1.0000e+00 0.0000e+00 0.0000e+00 1.0000e+00 2.0000e-02 2.5000e-02 2.0000e-02 2.5000e-02 
48   10   0.940 0.275 5.0000e-04 1.0000e+00 0.0000e+00 0.0000e+00 1.0000e+00 2.0000e-02 2.5000e-02 2.0000e-02 2.5000e-02 
49   1    0.960 0.050 5.0000e-04 1.0000e+00 0.0000e+00 0.0000e+00 1.0000e+00 2.0000e-02 2.5000e-02 2.0000e-02 2.5000e-02 
49   2    0.960 0.075 5.0000e-04 1.0000e+00 0.0000e+00 0.0000e+00 1.0000e+00 2.0000e-02 2.5000e-02 2.0000e-02 2.5000e-02 
49   3    0.960 0.100 5.0000e-04 1.0000e+00 0.0000e+00 0.0000e+00 1.0000e+00 2.0000e-02 2.5000e-02 2.0000e-02 2.5000e-02 
49   4    0.960 0.125 5.0000e-04 1.0000e+00 0.0000e+00 0.0000e+00 1.0000e+00 2.0000e-02 2.5000e-02 2.0000e-02 2.5000e-02 
49   5    0.960 0.150 5.0000e-04 1.0000e+00 0.0000e+00 0.0000e+00 1.0000e+00 2.0000e-02 2.5000e-02 2.0000e-02 2.5000e-02 
49   6    0.960 0.175 5.0000e-04 1.0000e+00 0.0000e+00 0.0000e+00 1.0000e+00 2.0000e-02 2.5000e-02 2.0000e-02 2.5000e-02 
49   7    0.960 0.200 5.0000e-04 1.0000e+00 0.0000e+00 0.0000e+00 1.0000e+00 2.0000e-02 2.5000e-02 2.0000e-02 2.5000e-02 
49   8    0.960 0.225 5.0000e-04 1.0000e+00 0.0000e+00 0.0000e+00 1.0000e+00 2.0000e-02 2.5000e-02 2.0000e-02 2.5000e-02 
49   9    0.960 0.250 5.0000e-04 1.0000e+00 0.0000e+00 0.0000e+00 1.0000e+00 2.0000e-02 2.5000e-02 2.0000e-02 2.5000e-02 
49   10   0.960 0.275 5.0000e-04 1.0000e+00 0.0000e+00 0.0000e+00 1.0000e+00 2.0000e-02 2.5000e-02 2.0000e-02 2.5000e-02 
50   1    0.980 0.050 5.0000e-04 1.0000e+00 0.0000e+00 0.0000e+00 1.0000e+00 2.0000e-02 2.5000e-02 2.0000e-02 2.5000e-02 
50   2    0.980 0.075 5.0000e-04 1.0000e+00 0.0000e+00 0.0000e+00 1.0000e+00 2.0000e-02 2.5000e-02 2.0000e-02 2.5000e-02 
50   3    0.980 0.100 5.0000e-04 1.0000e+00 0.0000e+00 0.0000e+00 1.0000e+00 2.0000e-02 2.5000e-02 2.0000e-02 2.5000e-02 
50   4    0.980 0.125 5.0000e-04 1.0000e+00 0.0000e+00 0.0000e+00 1.0000e+00 2.0000e-02 2.5000e-02 2.0000e-02 2.5000e-02 
50   5    0.980 0.150 5.0000e-04 1.0000e+00 0.0000e+00 0.0000e+00 1.0000e+00 2.0000e-02 2.5000e-02 2.0000e-02 2.5000e-02 
50   6    0.980 0.175 5.0000e-04 1.0000e+00 0.0000e+00 0.0000e+00 1.0000e+00 2.0000e-02 2.5000e-02 2.0000e-02 2.5000e-02 
50   7    0.980 0.200 5.0000e-04 1.0000e+00 0.0000e+00 0.0000e+00 1.0000e+00 2.0000e-02 2.5000e-02 2.0000e-02 2.5000e-02 
50   8    0.980 0.225 5.0000e-04 1.0000e+00 0.0000e+00 0.0000e+00 1.0000e+00 2.0000e-02 2.5000e-02 2.0000e-02 2.5000e-02 
50   9    0.980 0.250 5.0000e-04 1.0000e+00 0.0000e+00 0.0000e+00 1.0000e+00 2.0000e-02 2.5000e-02 2.0000e-02 2.5000e-02 
50   10   0.980 0.275 5.0000e-04 1.0000e+00 0.0000e+00 0.0000e+00 1.0000e+00 2.0000e-02 2.5000e-02 2.0000e-02 2.5000e-02 
