1 0 0.000000
1 1 0.000000
1 2 101324.969007
1 3 0.000000
2 0 0.000000
2 1 0.000000
2 2 101328.302501
2 3 0.000000
3 0 0.000000
3 1 0.000000
3 2 101324.124308
3 3 0.000000
4 0 0.000000
4 1 0.000000
4 2 101326.205240
4 3 0.000000
5 0 0.000000
5 1 0.000000
5 2 101324.049824
5 3 0.000000
6 0 0.000000
6 1 0.000000
6 2 101326.065455
6 3 0.000000
7 0 0.000000
7 1 0.000000
7 2 101323.848787
7 3 0.000000
8 0 0.000000
8 1 0.000000
8 2 101326.255333
8 3 0.000000
9 0 0.000000
9 1 0.000000
9 2 101323.586803
9 3 0.000000
10 0 0.000000
10 1 0.000000
10 2 101326.526979
10 3 0.000000
11 0 0.000000
11 1 0.000000
11 2 101323.283805
11 3 0.000000
12 0 0.000000
12 1 0.000000
12 2 101326.850479
12 3 0.000000
13 0 0.000000
13 1 0.000000
13 2 101322.930872
13 3 0.000000
14 0 0.000000
14 1 0.000000
14 2 101327.233016
14 3 0.000000
15 0 0.000000
15 1 0.000000
15 2 101322.513378
15 3 0.000000
16 0 0.000000
16 1 0.000000
16 2 101327.688428
16 3 0.000000
17 0 0.000000
17 1 0.000000
17 2 101322.015519
17 3 0.000000
18 0 0.000000
18 1 0.000000
18 2 101328.232770
18 3 0.000000
19 0 0.000000
19 1 0.000000
19 2 101321.419955
19 3 0.000000
20 0 0.000000
20 1 0.000000
20 2 101328.884423
20 3 0.000000
21 0 0.000000
21 1 0.000000
21 2 101320.706791
21 3 0.000000
22 0 0.000000
22 1 0.000000
22 2 101329.664886
22 3 0.000000
23 0 0.000000
23 1 0.000000
23 2 101319.852636
23 3 0.000000
24 0 0.000000
24 1 0.000000
24 2 101330.599623
24 3 0.000000
25 0 0.000000
25 1 0.000000
25 2 101318.829704
25 3 0.000000
26 0 0.000000
26 1 0.000000
26 2 101331.718962
26 3 0.000000
27 0 0.000000
27 1 0.000000
27 2 101317.604868
27 3 0.000000
28 0 0.000000
28 1 0.000000
28 2 101333.059092
28 3 0.000000
29 0 0.000000
29 1 0.000000
29 2 101316.138580
29 3 0.000000
30 0 0.000000
30 1 0.000000
30 2 101334.663222
30 3 0.000000
31 0 0.000000
31 1 0.000000
31 2 101314.383618
31 3 0.000000
32 0 0.000000
32 1 0.000000
32 2 101336.582948
32 3 0.000000
33 0 0.000000
33 1 0.000000
33 2 101312.283591
33 3 0.000000
34 0 0.000000
34 1 0.000000
34 2 101338.879883
34 3 0.000000
35 0 0.000000
35 1 0.000000
35 2 101309.771170
35 3 0.000000
36 0 0.000000
36 1 0.000000
36 2 101341.627581
36 3 0.000000
37 0 0.000000
37 1 0.000000
37 2 101306.765972
37 3 0.000000
38 0 0.000000
38 1 0.000000
38 2 101344.913849
38 3 0.000000
39 0 0.000000
39 1 0.000000
39 2 101303.172045
39 3 0.000000
40 0 0.000000
40 1 0.000000
40 2 101348.843491
40 3 0.000000
41 0 0.000000
41 1 0.000000
41 2 101298.874872
41 3 0.000000
42 0 0.000000
42 1 0.000000
42 2 101353.541580
42 3 0.000000
43 0 0.000000
43 1 0.000000
43 2 101293.737789
43 3 0.000000
44 0 0.000000
44 1 0.000000
44 2 101359.157355
44 3 0.000000
45 0 0.000000
45 1 0.000000
45 2 101287.597731
45 3 0.000000
46 0 0.000000
46 1 0.000000
46 2 101365.868869
46 3 0.000000
47 0 0.000000
47 1 0.000000
47 2 101280.260155
47 3 0.000000
48 0 0.000000
48 1 0.000000
48 2 101373.888523
48 3 0.000000
49 0 0.000000
49 1 0.000000
49 2 101271.492991
49 3 0.000000
50 0 0.000000
50 1 0.000000
50 2 101383.469658
50 3 0.000000
51 0 0.000000
51 1 -27458.389021
51 2 112075.057230
51 3 0.000000
52 0 0.000000
52 1 -26144.483088
52 2 106712.175869
52 3 0.000000
53 0 0.000000
53 1 -28184.204731
53 2 115037.570331
53 3 0.000000
54 0 0.000000
54 1 -26394.260920
54 2 107731.677225
54 3 0.000000
55 0 0.000000
55 1 -28575.354377
55 2 116634.099499
55 3 0.000000
56 0 0.000000
56 1 -26212.637848
56 2 106990.358565
56 3 0.000000
57 0 0.000000
57 1 -28979.507764
57 2 118283.705159
57 3 0.000000
58 0 0.000000
58 1 -25842.204658
58 2 105478.386359
58 3 0.000000
59 0 0.000000
59 1 -29482.305196
59 2 120335.939575
59 3 0.000000
60 0 0.000000
60 1 -25311.115059
60 2 103310.673709
60 3 0.000000
61 0 0.000000
61 1 -30132.509954
61 2 122989.836547
61 3 0.000000
62 0 0.000000
62 1 -24590.320913
62 2 100368.656788
62 3 0.000000
63 0 0.000000
63 1 -30979.577696
63 2 126447.255901
63 3 0.000000
64 0 0.000000
64 1 -23624.559028
64 2 96426.771544
64 3 0.000000
65 0 0.000000
65 1 -32083.196420
65 2 130951.822121
65 3 0.000000
66 0 0.000000
66 1 -22336.217383
66 2 91168.234216
66 3 0.000000
67 0 0.000000
67 1 -33517.458058
67 2 136805.951257
67 3 0.000000
68 0 0.000000
68 1 -20621.682972
68 2 84170.134578
68 3 0.000000
69 0 0.000000
69 1 -35373.140921
69 2 144380.167024
69 3 0.000000
70 0 0.000000
70 1 -18344.782324
70 2 74876.662545
70 3 0.000000
71 0 0.000000
71 1 -37757.568565
71 2 154112.524756
71 3 0.000000
72 0 0.000000
72 1 -15329.145837
72 2 62567.942190
72 3 0.000000
73 0 0.000000
73 1 -40789.097725
73 2 166486.113164
73 3 0.000000
74 0 0.000000
74 1 -11352.256656
74 2 46335.741451
74 3 0.000000
75 0 0.000000
75 1 -44579.640962
75 2 181957.718211
75 3 0.000000
76 0 0.000000
76 1 -6148.465202
76 2 25095.776336
76 3 0.000000
77 0 0.000000
77 1 -49192.031048
77 2 200783.800196
77 3 0.000000
78 0 0.000000
78 1 558.850321
78 2 -2281.021719
78 3 0.000000
79 0 0.000000
79 1 -54548.657542
79 2 222647.581803
79 3 0.000000
80 0 0.000000
80 1 8936.318457
80 2 -36474.769211
80 3 0.000000
81 0 0.000000
81 1 -60262.443210
81 2 245969.155960
81 3 0.000000
82 0 0.000000
82 1 18629.919297
82 2 -76040.486925
82 3 0.000000
83 0 0.000000
83 1 -65436.747353
83 2 267088.764708
83 3 0.000000
84 0 0.000000
84 1 27387.989138
84 2 -111787.710766
84 3 0.000000
85 0 0.000000
85 1 -69069.264519
85 2 281915.365383
85 3 0.000000
86 0 0.000000
86 1 28980.059867
86 2 -118285.958639
86 3 0.000000
87 0 0.000000
87 1 -72555.021330
87 2 296142.944203
87 3 0.000000
88 0 0.000000
88 1 26382.421807
88 2 -107683.354313
88 3 0.000000
89 0 0.000000
89 1 -75661.339293
89 2 308821.793031
89 3 0.000000
90 0 0.000000
90 1 29032.691651
90 2 -118500.782251
90 3 0.000000
91 0 0.000000
91 1 -77382.321326
91 2 315846.209494
91 3 0.000000
92 0 0.000000
92 1 29145.506577
92 2 -118961.251334
92 3 0.000000
93 0 0.000000
93 1 -78213.163246
93 2 319237.401005
93 3 0.000000
94 0 0.000000
94 1 29326.687235
94 2 -119700.764224
94 3 0.000000
95 0 0.000000
95 1 -76028.044710
95 2 310318.549838
95 3 0.000000
96 0 0.000000
96 1 29959.148301
96 2 -122282.237963
96 3 0.000000
97 0 0.000000
97 1 -77028.788496
97 2 314403.218353
97 3 0.000000
98 0 0.000000
98 1 29236.925474
98 2 -119334.389691
98 3 0.000000
99 0 0.000000
99 1 -76939.054597
99 2 314036.957540
99 3 0.000000
100 0 0.000000
100 1 29416.464863
100 2 -120067.203524
100 3 0.000000
101 0 0.000000
101 1 0.000000
101 2 282260.152591
101 3 0.000000
102 0 0.000000
102 1 -0.000000
102 2 -85460.885257
102 3 0.000000
103 0 0.000000
103 1 0.000000
103 2 273293.487078
103 3 0.000000
104 0 0.000000
104 1 -0.000000
104 2 -82763.390021
104 3 0.000000
105 0 0.000000
105 1 0.000000
105 2 265281.709894
105 3 0.000000
106 0 0.000000
106 1 -0.000000
106 2 -77833.166629
106 3 0.000000
107 0 0.000000
107 1 0.000000
107 2 262597.083706
107 3 0.000000
108 0 0.000000
108 1 -0.000000
108 2 -75809.012767
108 3 0.000000
109 0 0.000000
109 1 0.000000
109 2 261319.118618
109 3 0.000000
110 0 0.000000
110 1 -0.000000
110 2 -74722.404210
110 3 0.000000
111 0 0.000000
111 1 0.000000
111 2 260690.063509
111 3 0.000000
112 0 0.000000
112 1 -0.000000
112 2 -74156.203019
112 3 0.000000
113 0 0.000000
113 1 0.000000
113 2 260369.157931
113 3 0.000000
114 0 0.000000
114 1 -0.000000
114 2 -73856.302871
114 3 0.000000
115 0 0.000000
115 1 0.000000
115 2 260199.427071
115 3 0.000000
116 0 0.000000
116 1 -0.000000
116 2 -73694.454479
116 3 0.000000
117 0 0.000000
117 1 0.000000
117 2 260106.846723
117 3 0.000000
118 0 0.000000
118 1 -0.000000
118 2 -73605.335775
118 3 0.000000
119 0 0.000000
119 1 0.000000
119 2 260055.054018
119 3 0.000000
120 0 0.000000
120 1 -0.000000
120 2 -73555.328775
120 3 0.000000
121 0 0.000000
121 1 0.000000
121 2 260025.532355
121 3 0.000000
122 0 0.000000
122 1 -0.000000
122 2 -73526.822324
122 3 0.000000
123 0 0.000000
123 1 0.000000
123 2 260008.496391
123 3 0.000000
124 0 0.000000
124 1 -0.000000
124 2 -73510.377656
124 3 0.000000
125 0 0.000000
125 1 0.000000
125 2 259998.594624
125 3 0.000000
126 0 0.000000
126 1 -0.000000
126 2 -73500.812921
126 3 0.000000
127 0 0.000000
127 1 0.000000
127 2 259992.818487
127 3 0.000000
128 0 0.000000
128 1 -0.000000
128 2 -73495.220486
128 3 0.000000
129 0 0.000000
129 1 0.000000
129 2 259989.443655
129 3 0.000000
130 0 0.000000
130 1 -0.000000
130 2 -73491.940152
130 3 0.000000
131 0 0.000000
131 1 0.000000
131 2 259987.470404
131 3 0.000000
132 0 0.000000
132 1 -0.000000
132 2 -73490.012189
132 3 0.000000
133 0 0.000000
133 1 0.000000
133 2 259986.315885
133 3 0.000000
134 0 0.000000
134 1 -0.000000
134 2 -73488.877438
134 3 0.000000
135 0 0.000000
135 1 0.000000
135 2 259985.639677
135 3 0.000000
136 0 0.000000
136 1 -0.000000
136 2 -73488.208677
136 3 0.000000
137 0 0.000000
137 1 0.000000
137 2 259985.242972
137 3 0.000000
138 0 0.000000
138 1 -0.000000
138 2 -73487.813983
138 3 0.000000
139 0 0.000000
139 1 0.000000
139 2 259985.009736
139 3 0.000000
140 0 0.000000
140 1 -0.000000
140 2 -73487.580659
140 3 0.000000
141 0 0.000000
141 1 0.000000
141 2 259984.872257
141 3 0.000000
142 0 0.000000
142 1 -0.000000
142 2 -73487.442479
142 3 0.000000
143 0 0.000000
143 1 0.000000
143 2 259984.790999
143 3 0.000000
144 0 0.000000
144 1 -0.000000
144 2 -73487.360490
144 3 0.000000
145 0 0.000000
145 1 0.000000
145 2 259984.742839
145 3 0.000000
146 0 0.000000
146 1 -0.000000
146 2 -73487.311748
146 3 0.000000
147 0 0.000000
147 1 0.000000
147 2 259984.714224
147 3 0.000000
148 0 0.000000
148 1 -0.000000
148 2 -73487.282719
148 3 0.000000
149 0 0.000000
149 1 0.000000
149 2 259984.697184
149 3 0.000000
150 0 0.000000
150 1 -0.000000
150 2 -73487.265403
150 3 0.000000
151 0 0.000000
151 1 0.000000
151 2 259984.687017
151 3 0.000000
152 0 0.000000
152 1 -0.000000
152 2 -73487.255058
152 3 0.000000
153 0 0.000000
153 1 0.000000
153 2 259984.680942
153 3 0.000000
154 0 0.000000
154 1 -0.000000
154 2 -73487.248871
154 3 0.000000
155 0 0.000000
155 1 0.000000
155 2 259984.677308
155 3 0.000000
156 0 0.000000
156 1 -0.000000
156 2 -73487.245167
156 3 0.000000
157 0 0.000000
157 1 0.000000
157 2 259984.675132
157 3 0.000000
158 0 0.000000
158 1 -0.000000
158 2 -73487.242948
158 3 0.000000
159 0 0.000000
159 1 0.000000
159 2 259984.673828
159 3 0.000000
160 0 0.000000
160 1 -0.000000
160 2 -73487.241618
160 3 0.000000
161 0 0.000000
161 1 0.000000
161 2 259984.673047
161 3 0.000000
162 0 0.000000
162 1 -0.000000
162 2 -73487.240821
162 3 0.000000
163 0 0.000000
163 1 0.000000
163 2 259984.672578
163 3 0.000000
164 0 0.000000
164 1 -0.000000
164 2 -73487.240342
164 3 0.000000
165 0 0.000000
165 1 0.000000
165 2 259984.672297
165 3 0.000000
166 0 0.000000
166 1 -0.000000
166 2 -73487.240055
166 3 0.000000
167 0 0.000000
167 1 0.000000
167 2 259984.672128
167 3 0.000000
168 0 0.000000
168 1 -0.000000
168 2 -73487.239882
168 3 0.000000
169 0 0.000000
169 1 0.000000
169 2 259984.672027
169 3 0.000000
170 0 0.000000
170 1 -0.000000
170 2 -73487.239779
170 3 0.000000
171 0 0.000000
171 1 0.000000
171 2 259984.671966
171 3 0.000000
172 0 0.000000
172 1 -0.000000
172 2 -73487.239717
172 3 0.000000
173 0 0.000000
173 1 0.000000
173 2 259984.671930
173 3 0.000000
174 0 0.000000
174 1 -0.000000
174 2 -73487.239679
174 3 0.000000
175 0 0.000000
175 1 0.000000
175 2 259984.671908
175 3 0.000000
176 0 0.000000
176 1 -0.000000
176 2 -73487.239657
176 3 0.000000
177 0 0.000000
177 1 0.000000
177 2 259984.671895
177 3 0.000000
178 0 0.000000
178 1 -0.000000
178 2 -73487.239643
178 3 0.000000
179 0 0.000000
179 1 0.000000
179 2 259984.671887
179 3 0.000000
180 0 0.000000
180 1 -0.000000
180 2 -73487.239635
180 3 0.000000
181 0 0.000000
181 1 0.000000
181 2 259984.671882
181 3 0.000000
182 0 0.000000
182 1 -0.000000
182 2 -73487.239630
182 3 0.000000
183 0 0.000000
183 1 0.000000
183 2 259984.671879
183 3 0.000000
184 0 0.000000
184 1 -0.000000
184 2 -73487.239628
184 3 0.000000
185 0 0.000000
185 1 0.000000
185 2 259984.671877
185 3 0.000000
186 0 0.000000
186 1 -0.000000
186 2 -73487.239626
186 3 0.000000
187 0 0.000000
187 1 0.000000
187 2 259984.671876
187 3 0.000000
188 0 0.000000
188 1 -0.000000
188 2 -73487.239625
188 3 0.000000
189 0 0.000000
189 1 0.000000
189 2 259984.671876
189 3 0.000000
190 0 0.000000
190 1 -0.000000
190 2 -73487.239624
190 3 0.000000
191 0 0.000000
191 1 0.000000
191 2 259984.671875
191 3 0.000000
192 0 0.000000
192 1 -0.025.000000
193 3 0.000000
194 0 0.000000
194 1 0.000000
194 2 101325.000000
194 3 0.000000
195 0 0.000000
195 1 0.000000
195 2 101325.000000
195 3 0.000000
196 0 0.000000
196 1 0.000000
196 2 101325.000000
196 3 0.000000
197 0 0.000000
197 1 0.000000
197 2 101325.000000
197 3 0.000000
198 0 0.000000
198 1 0.000000
198 2 101325.000000
198 3 0.000000
199 0 0.000000
199 1 0.000000
199 2 101325.000000
199 3 0.000000
200 0 0.000000
200 1 0.000000
200 2 101325.000000
200 3 0.000000
201 0 0.000000
201 1 0.000000
201 2 101325.000000
201 3 0.000000
202 0 0.000000
202 1 0.000000
202 2 101325.000000
202 3 0.000000
203 0 0.000000
203 1 0.000000
203 2 101325.000000
203 3 0.000000
204 0 0.000000
204 1 0.000000
204 2 101325.000000
204 3 0.000000
205 0 0.000000
205 1 0.000000
205 2 101325.000000
205 3 0.000000
206 0 0.000000
206 1 0.000000
206 2 101325.000000
206 3 0.000000
207 0 0.000000
207 1 0.000000
207 2 101325.000000
207 3 0.000000
208 0 0.000000
208 1 0.000000
208 2 101325.000000
208 3 0.000000
209 0 0.000000
209 1 0.000000
209 2 101325.000000
209 3 0.000000
210 0 0.000000
210 1 0.000000
210 2 101325.000000
210 3 0.000000
211 0 0.000000
211 1 0.000000
211 2 101325.000000
211 3 0.000000
212 0 0.000000
212 1 0.000000
212 2 101325.000000
212 3 0.000000
213 0 0.000000
213 1 0.000000
213 2 101325.000000
213 3 0.000000
214 0 0.000000
214 1 0.000000
214 2 101325.000000
214 3 0.000000
215 0 0.000000
215 1 0.000000
215 2 101325.000000
215 3 0.000000
216 0 0.000000
216 1 0.000000
216 2 101325.000000
216 3 0.000000
217 0 0.000000
217 1 0.000000
217 2 101325.000000
217 3 0.000000
218 0 0.000000
218 1 0.000000
218 2 101325.000000
218 3 0.000000
219 0 0.000000
219 1 0.000000
219 2 101325.000000
219 3 0.000000
220 0 0.000000
220 1 0.000000
220 2 101325.000000
220 3 0.000000
221 0 0.000000
221 1 0.000000
221 2 101325.000000
221 3 0.000000
222 0 0.000000
222 1 0.000000
222 2 101325.000000
222 3 0.000000
223 0 0.000000
223 1 0.000000
223 2 101325.000000
223 3 0.000000
224 0 0.000000
224 1 0.000000
224 2 101325.000000
224 3 0.000000
225 0 0.000000
225 1 0.000000
225 2 101325.000000
225 3 0.000000
226 0 0.000000
226 1 0.000000
226 2 101325.000000
226 3 0.000000
227 0 0.000000
227 1 0.000000
227 2 101325.000000
227 3 0.000000
228 0 0.000000
228 1 0.000000
228 2 101325.000000
228 3 0.000000
229 0 0.000000
229 1 0.000000
229 2 101325.000000
229 3 0.000000
230 0 0.000000
230 1 0.000000
230 2 101325.000000
230 3 0.000000
231 0 0.000000
231 1 0.000000
231 2 101325.000000
231 3 0.000000
232 0 0.000000
232 1 0.000000
232 2 101325.000000
232 3 0.000000
233 0 0.000000
233 1 0.000000
233 2 101325.000000
233 3 0.000000
234 0 0.000000
234 1 0.000000
234 2 101325.000000
234 3 0.000000
235 0 0.000000
235 1 0.000000
235 2 101325.000000
235 3 0.000000
236 0 0.000000
236 1 0.000000
236 2 101325.000000
236 3 0.000000
237 0 0.000000
237 1 0.000000
237 2 101325.000000
237 3 0.000000
238 0 0.000000
238 1 0.000000
238 2 101325.000000
238 3 0.000000
239 0 0.000000
239 1 0.000000
239 2 101325.000000
239 3 0.000000
240 0 0.000000
240 1 0.000000
240 2 101325.000000
240 3 0.000000
241 0 0.000000
241 1 0.000000
241 2 101325.000000
241 3 0.000000
242 0 0.000000
242 1 0.000000
242 2 101325.000000
242 3 0.000000
243 0 0.000000
243 1 0.000000
243 2 101325.000000
243 3 0.000000
244 0 0.000000
244 1 0.000000
244 2 101325.000000
244 3 0.000000
245 0 0.000000
245 1 0.000000
245 2 101325.000000
245 3 0.000000
246 0 0.000000
246 1 0.000000
246 2 101325.000000
246 3 0.000000
247 0 0.000000
247 1 0.000000
247 2 101325.000000
247 3 0.000000
248 0 0.000000
248 1 0.000000
248 2 101325.000000
248 3 0.000000
249 0 0.000000
249 1 0.000000
249 2 101325.000000
249 3 0.000000
250 0 0.000000
250 1 0.000000
250 2 101325.000000
250 3 0.000000
0.000000
249 2 259984.671875
249 3 0.000000
250 0 0.000000
250 1 -0.000000
250 2 -73487.239623
250 3 0.000000
