x    y    pressure
0.00 0.00 1.01325e+05
0.00 0.03 1.01325e+05
0.00 0.06 1.01325e+05
0.00 0.09 1.01325e+05
0.00 0.12 1.01325e+05
0.00 0.15 1.01325e+05
0.00 0.18 1.01325e+05
0.00 0.21 1.01325e+05
0.00 0.24 1.01325e+05
0.00 0.27 1.01325e+05
0.00 0.30 1.01325e+05
0.02 0.00 1.01325e+05
0.02 0.03 1.01325e+05
0.02 0.06 1.01325e+05
0.02 0.09 1.01325e+05
0.02 0.12 1.01325e+05
0.02 0.15 1.01325e+05
0.02 0.18 1.01325e+05
0.02 0.21 1.01325e+05
0.02 0.24 1.01325e+05
0.02 0.27 1.01325e+05
0.02 0.30 1.01325e+05
0.04 0.00 1.01325e+05
0.04 0.03 1.01325e+05
0.04 0.06 1.01325e+05
0.04 0.09 1.01325e+05
0.04 0.12 1.01325e+05
0.04 0.15 1.01325e+05
0.04 0.18 1.01325e+05
0.04 0.21 1.01325e+05
0.04 0.24 1.01325e+05
0.04 0.27 1.01325e+05
0.04 0.30 1.01325e+05
0.06 0.00 1.01325e+05
0.06 0.03 1.01325e+05
0.06 0.06 1.01325e+05
0.06 0.09 1.01325e+05
0.06 0.12 1.01325e+05
0.06 0.15 1.01325e+05
0.06 0.18 1.01325e+05
0.06 0.21 1.01325e+05
0.06 0.24 1.01325e+05
0.06 0.27 1.01325e+05
0.06 0.30 1.01325e+05
0.08 0.00 1.01325e+05
0.08 0.03 1.01325e+05
0.08 0.06 1.01325e+05
0.08 0.09 1.01325e+05
0.08 0.12 1.01325e+05
0.08 0.15 1.01325e+05
0.08 0.18 1.01325e+05
0.08 0.21 1.01325e+05
0.08 0.24 1.01325e+05
0.08 0.27 1.01325e+05
0.08 0.30 1.01325e+05
0.10 0.00 1.01325e+05
0.10 0.03 1.01325e+05
0.10 0.06 1.01325e+05
0.10 0.09 1.01325e+05
0.10 0.12 1.01325e+05
0.10 0.15 1.01325e+05
0.10 0.18 1.01325e+05
0.10 0.21 1.01325e+05
0.10 0.24 1.01325e+05
0.10 0.27 1.01325e+05
0.10 0.30 1.01325e+05
0.12 0.00 1.01325e+05
0.12 0.03 1.01325e+05
0.12 0.06 1.01325e+05
0.12 0.09 1.01325e+05
0.12 0.12 1.01325e+05
0.12 0.15 1.01325e+05
0.12 0.18 1.01325e+05
0.12 0.21 1.01325e+05
0.12 0.24 1.01325e+05
0.12 0.27 1.01325e+05
0.12 0.30 1.01325e+05
0.14 0.00 1.01325e+05
0.14 0.03 1.01325e+05
0.14 0.06 1.01325e+05
0.14 0.09 1.01325e+05
0.14 0.12 1.01325e+05
0.14 0.15 1.01325e+05
0.14 0.18 1.01325e+05
0.14 0.21 1.01325e+05
0.14 0.24 1.01325e+05
0.14 0.27 1.01325e+05
0.14 0.30 1.01325e+05
0.16 0.00 1.01325e+05
0.16 0.03 1.01325e+05
0.16 0.06 1.01325e+05
0.16 0.09 1.01325e+05
0.16 0.12 1.01325e+05
0.16 0.15 1.01325e+05
0.16 0.18 1.01325e+05
0.16 0.21 1.01325e+05
0.16 0.24 1.01325e+05
0.16 0.27 1.01325e+05
0.16 0.30 1.01325e+05
0.18 0.00 1.01325e+05
0.18 0.03 1.01325e+05
0.18 0.06 1.01325e+05
0.18 0.09 1.01325e+05
0.18 0.12 1.01325e+05
0.18 0.15 1.01325e+05
0.18 0.18 1.01325e+05
0.18 0.21 1.01325e+05
0.18 0.24 1.01325e+05
0.18 0.27 1.01325e+05
0.18 0.30 1.01325e+05
0.20 0.00 1.01325e+05
0.20 0.03 1.01325e+05
0.20 0.06 1.01325e+05
0.20 0.09 1.01325e+05
0.20 0.12 1.01325e+05
0.20 0.15 1.01325e+05
0.20 0.18 1.01325e+05
0.20 0.21 1.01325e+05
0.20 0.24 1.01325e+05
0.20 0.27 1.01325e+05
0.20 0.30 1.01325e+05
0.22 0.00 1.01325e+05
0.22 0.03 1.01325e+05
0.22 0.06 1.01325e+05
0.22 0.09 1.01325e+05
0.22 0.12 1.01325e+05
0.22 0.15 1.01325e+05
0.22 0.18 1.01325e+05
0.22 0.21 1.01325e+05
0.22 0.24 1.01325e+05
0.22 0.27 1.01325e+05
0.22 0.30 1.01325e+05
0.24 0.01 1.01325e+05
0.24 0.04 1.01325e+05
0.24 0.07 1.01325e+05
0.24 0.10 1.01325e+05
0.24 0.13 1.01325e+05
0.24 0.15 1.01325e+05
0.24 0.18 1.01325e+05
0.24 0.21 1.01325e+05
0.24 0.24 1.01325e+05
0.24 0.27 1.01325e+05
0.24 0.30 1.01325e+05
0.26 0.01 1.01325e+05
0.26 0.04 1.01325e+05
0.26 0.07 1.01325e+05
0.26 0.10 1.01325e+05
0.26 0.13 1.01325e+05
0.26 0.16 1.01325e+05
0.26 0.19 1.01325e+05
0.26 0.21 1.01325e+05
0.26 0.24 1.01325e+05
0.26 0.27 1.01325e+05
0.26 0.30 1.01325e+05
0.28 0.02 1.01325e+05
0.28 0.05 1.01325e+05
0.28 0.08 1.01325e+05
0.28 0.10 1.01325e+05
0.28 0.13 1.01325e+05
0.28 0.16 1.01325e+05
0.28 0.19 1.01325e+05
0.28 0.22 1.01325e+05
0.28 0.24 1.01325e+05
0.28 0.27 1.01325e+05
0.28 0.30 1.01325e+05
0.30 0.02 1.01325e+05
0.30 0.05 1.01325e+05
0.30 0.08 1.01325e+05
0.30 0.11 1.01325e+05
0.30 0.14 1.01325e+05
0.30 0.16 1.01325e+05
0.30 0.19 1.01325e+05
0.30 0.22 1.01325e+05
0.30 0.25 1.01325e+05
0.30 0.27 1.01325e+05
0.30 0.30 1.01325e+05
0.32 0.03 1.01325e+05
0.32 0.06 1.01325e+05
0.32 0.08 1.01325e+05
0.32 0.11 1.01325e+05
0.32 0.14 1.01325e+05
0.32 0.17 1.01325e+05
0.32 0.19 1.01325e+05
0.32 0.22 1.01325e+05
0.32 0.25 1.01325e+05
0.32 0.27 1.01325e+05
0.32 0.30 1.01325e+05
0.34 0.04 1.01325e+05
0.34 0.06 1.01325e+05
0.34 0.09 1.01325e+05
0.34 0.11 1.01325e+05
0.34 0.14 1.01325e+05
0.34 0.17 1.01325e+05
0.34 0.19 1.01325e+05
0.34 0.22 1.01325e+05
0.34 0.25 1.01325e+05
0.34 0.27 1.01325e+05
0.34 0.30 1.01325e+05
0.36 0.04 1.01325e+05
0.36 0.07 1.01325e+05
0.36 0.09 1.01325e+05
0.36 0.12 1.01325e+05
0.36 0.14 1.01325e+05
0.36 0.17 1.01325e+05
0.36 0.20 1.01325e+05
0.36 0.22 1.01325e+05
0.36 0.25 1.01325e+05
0.36 0.27 1.01325e+05
0.36 0.30 1.01325e+05
0.38 0.04 1.01325e+05
0.38 0.07 1.01325e+05
0.38 0.10 1.01325e+05
0.38 0.12 1.01325e+05
0.38 0.15 1.01325e+05
0.38 0.17 1.01325e+05
0.38 0.20 1.01325e+05
0.38 0.22 1.01325e+05
0.38 0.25 1.01325e+05
0.38 0.27 1.01325e+05
0.38 0.30 1.01325e+05
0.40 0.05 1.01325e+05
0.40 0.08 1.01325e+05
0.40 0.10 1.01325e+05
0.40 0.12 1.01325e+05
0.40 0.15 1.01325e+05
0.40 0.17 1.01325e+05
0.40 0.20 1.01325e+05
0.40 0.23 1.01325e+05
0.40 0.25 1.01325e+05
0.40 0.28 1.01325e+05
0.40 0.30 1.01325e+05
0.42 0.05 1.01325e+05
0.42 0.08 1.01325e+05
0.42 0.10 1.01325e+05
0.42 0.12 1.01325e+05
0.42 0.15 1.01325e+05
0.42 0.17 1.01325e+05
0.42 0.20 1.01325e+05
0.42 0.23 1.01325e+05
0.42 0.25 1.01325e+05
0.42 0.28 1.01325e+05
0.42 0.30 1.01325e+05
0.44 0.05 1.01325e+05
0.44 0.08 1.01325e+05
0.44 0.10 1.01325e+05
0.44 0.12 1.01325e+05
0.44 0.15 1.01325e+05
0.44 0.17 1.01325e+05
0.44 0.20 1.01325e+05
0.44 0.23 1.01325e+05
0.44 0.25 1.01325e+05
0.44 0.28 1.01325e+05
0.44 0.30 1.01325e+05
0.46 0.05 1.01325e+05
0.46 0.08 1.01325e+05
0.46 0.10 1.01325e+05
0.46 0.12 1.01325e+05
0.46 0.15 1.01325e+05
0.46 0.17 1.01325e+05
0.46 0.20 1.01325e+05
0.46 0.23 1.01325e+05
0.46 0.25 1.01325e+05
0.46 0.28 1.01325e+05
0.46 0.30 1.01325e+05
0.48 0.05 1.01325e+05
0.48 0.08 1.01325e+05
0.48 0.10 1.01325e+05
0.48 0.12 1.01325e+05
0.48 0.15 1.01325e+05
0.48 0.17 1.01325e+05
0.48 0.20 1.01325e+05
0.48 0.23 1.01325e+05
0.48 0.25 1.01325e+05
0.48 0.28 1.01325e+05
0.48 0.30 1.01325e+05
0.50 0.05 1.01325e+05
0.50 0.08 1.01325e+05
0.50 0.10 1.01325e+05
0.50 0.12 1.01325e+05
0.50 0.15 1.01325e+05
0.50 0.17 1.01325e+05
0.50 0.20 1.01325e+05
0.50 0.23 1.01325e+05
0.50 0.25 1.01325e+05
0.50 0.28 1.01325e+05
0.50 0.30 1.01325e+05
0.52 0.05 1.01325e+05
0.52 0.08 1.01325e+05
0.52 0.10 1.01325e+05
0.52 0.12 1.01325e+05
0.52 0.15 1.01325e+05
0.52 0.17 1.01325e+05
0.52 0.20 1.01325e+05
0.52 0.23 1.01325e+05
0.52 0.25 1.01325e+05
0.52 0.28 1.01325e+05
0.52 0.30 1.01325e+05
0.54 0.05 1.01325e+05
0.54 0.08 1.01325e+05
0.54 0.10 1.01325e+05
0.54 0.12 1.01325e+05
0.54 0.15 1.01325e+05
0.54 0.17 1.01325e+05
0.54 0.20 1.01325e+05
0.54 0.23 1.01325e+05
0.54 0.25 1.01325e+05
0.54 0.28 1.01325e+05
0.54 0.30 1.01325e+05
0.56 0.05 1.01325e+05
0.56 0.08 1.01325e+05
0.56 0.10 1.01325e+05
0.56 0.12 1.01325e+05
0.56 0.15 1.01325e+05
0.56 0.17 1.01325e+05
0.56 0.20 1.01325e+05
0.56 0.23 1.01325e+05
0.56 0.25 1.01325e+05
0.56 0.28 1.01325e+05
0.56 0.30 1.01325e+05
0.58 0.05 1.01325e+05
0.58 0.08 1.01325e+05
0.58 0.10 1.01325e+05
0.58 0.12 1.01325e+05
0.58 0.15 1.01325e+05
0.58 0.17 1.01325e+05
0.58 0.20 1.01325e+05
0.58 0.23 1.01325e+05
0.58 0.25 1.01325e+05
0.58 0.28 1.01325e+05
0.58 0.30 1.01325e+05
0.60 0.05 1.01325e+05
0.60 0.08 1.01325e+05
0.60 0.10 1.01325e+05
0.60 0.12 1.01325e+05
0.60 0.15 1.01325e+05
0.60 0.17 1.01325e+05
0.60 0.20 1.01325e+05
0.60 0.23 1.01325e+05
0.60 0.25 1.01325e+05
0.60 0.28 1.01325e+05
0.60 0.30 1.01325e+05
0.62 0.05 1.01325e+05
0.62 0.08 1.01325e+05
0.62 0.10 1.01325e+05
0.62 0.12 1.01325e+05
0.62 0.15 1.01325e+05
0.62 0.17 1.01325e+05
0.62 0.20 1.01325e+05
0.62 0.23 1.01325e+05
0.62 0.25 1.01325e+05
0.62 0.28 1.01325e+05
0.62 0.30 1.01325e+05
0.64 0.05 1.01325e+05
0.64 0.08 1.01325e+05
0.64 0.10 1.01325e+05
0.64 0.12 1.01325e+05
0.64 0.15 1.01325e+05
0.64 0.17 1.01325e+05
0.64 0.20 1.01325e+05
0.64 0.23 1.01325e+05
0.64 0.25 1.01325e+05
0.64 0.28 1.01325e+05
0.64 0.30 1.01325e+05
0.66 0.05 1.01325e+05
0.66 0.08 1.01325e+05
0.66 0.10 1.01325e+05
0.66 0.12 1.01325e+05
0.66 0.15 1.01325e+05
0.66 0.17 1.01325e+05
0.66 0.20 1.01325e+05
0.66 0.23 1.01325e+05
0.66 0.25 1.01325e+05
0.66 0.28 1.01325e+05
0.66 0.30 1.01325e+05
0.68 0.05 1.01325e+05
0.68 0.08 1.01325e+05
0.68 0.10 1.01325e+05
0.68 0.12 1.01325e+05
0.68 0.15 1.01325e+05
0.68 0.17 1.01325e+05
0.68 0.20 1.01325e+05
0.68 0.23 1.01325e+05
0.68 0.25 1.01325e+05
0.68 0.28 1.01325e+05
0.68 0.30 1.01325e+05
0.70 0.05 1.01325e+05
0.70 0.08 1.01325e+05
0.70 0.10 1.01325e+05
0.70 0.12 1.01325e+05
0.70 0.15 1.01325e+05
0.70 0.17 1.01325e+05
0.70 0.20 1.01325e+05
0.70 0.23 1.01325e+05
0.70 0.25 1.01325e+05
0.70 0.28 1.01325e+05
0.70 0.30 1.01325e+05
0.72 0.05 1.01325e+05
0.72 0.08 1.01325e+05
0.72 0.10 1.01325e+05
0.72 0.12 1.01325e+05
0.72 0.15 1.01325e+05
0.72 0.17 1.01325e+05
0.72 0.20 1.01325e+05
0.72 0.23 1.01325e+05
0.72 0.25 1.01325e+05
0.72 0.28 1.01325e+05
0.72 0.30 1.01325e+05
0.74 0.05 1.01325e+05
0.74 0.08 1.01325e+05
0.74 0.10 1.01325e+05
0.74 0.12 1.01325e+05
0.74 0.15 1.01325e+05
0.74 0.17 1.01325e+05
0.74 0.20 1.01325e+05
0.74 0.23 1.01325e+05
0.74 0.25 1.01325e+05
0.74 0.28 1.01325e+05
0.74 0.30 1.01325e+05
0.76 0.05 1.01325e+05
0.76 0.08 1.01325e+05
0.76 0.10 1.01325e+05
0.76 0.12 1.01325e+05
0.76 0.15 1.01325e+05
0.76 0.17 1.01325e+05
0.76 0.20 1.01325e+05
0.76 0.23 1.01325e+05
0.76 0.25 1.01325e+05
0.76 0.28 1.01325e+05
0.76 0.30 1.01325e+05
0.78 0.05 1.01325e+05
0.78 0.08 1.01325e+05
0.78 0.10 1.01325e+05
0.78 0.12 1.01325e+05
0.78 0.15 1.01325e+05
0.78 0.17 1.01325e+05
0.78 0.20 1.01325e+05
0.78 0.23 1.01325e+05
0.78 0.25 1.01325e+05
0.78 0.28 1.01325e+05
0.78 0.30 1.01325e+05
0.80 0.05 1.01325e+05
0.80 0.08 1.01325e+05
0.80 0.10 1.01325e+05
0.80 0.12 1.01325e+05
0.80 0.15 1.01325e+05
0.80 0.17 1.01325e+05
0.80 0.20 1.01325e+05
0.80 0.23 1.01325e+05
0.80 0.25 1.01325e+05
0.80 0.28 1.01325e+05
0.80 0.30 1.01325e+05
0.82 0.05 1.01325e+05
0.82 0.08 1.01325e+05
0.82 0.10 1.01325e+05
0.82 0.12 1.01325e+05
0.82 0.15 1.01325e+05
0.82 0.17 1.01325e+05
0.82 0.20 1.01325e+05
0.82 0.23 1.01325e+05
0.82 0.25 1.01325e+05
0.82 0.28 1.01325e+05
0.82 0.30 1.01325e+05
0.84 0.05 1.01325e+05
0.84 0.08 1.01325e+05
0.84 0.10 1.01325e+05
0.84 0.12 1.01325e+05
0.84 0.15 1.01325e+05
0.84 0.17 1.01325e+05
0.84 0.20 1.01325e+05
0.84 0.23 1.01325e+05
0.84 0.25 1.01325e+05
0.84 0.28 1.01325e+05
0.84 0.30 1.01325e+05
0.86 0.05 1.01325e+05
0.86 0.08 1.01325e+05
0.86 0.10 1.01325e+05
0.86 0.12 1.01325e+05
0.86 0.15 1.01325e+05
0.86 0.17 1.01325e+05
0.86 0.20 1.01325e+05
0.86 0.23 1.01325e+05
0.86 0.25 1.01325e+05
0.86 0.28 1.01325e+05
0.86 0.30 1.01325e+05
0.88 0.05 1.01325e+05
0.88 0.08 1.01325e+05
0.88 0.10 1.01325e+05
0.88 0.12 1.01325e+05
0.88 0.15 1.01325e+05
0.88 0.17 1.01325e+05
0.88 0.20 1.01325e+05
0.88 0.23 1.01325e+05
0.88 0.25 1.01325e+05
0.88 0.28 1.01325e+05
0.88 0.30 1.01325e+05
0.90 0.05 1.01325e+05
0.90 0.08 1.01325e+05
0.90 0.10 1.01325e+05
0.90 0.12 1.01325e+05
0.90 0.15 1.01325e+05
0.90 0.17 1.01325e+05
0.90 0.20 1.01325e+05
0.90 0.23 1.01325e+05
0.90 0.25 1.01325e+05
0.90 0.28 1.01325e+05
0.90 0.30 1.01325e+05
0.92 0.05 1.01325e+05
0.92 0.08 1.01325e+05
0.92 0.10 1.01325e+05
0.92 0.12 1.01325e+05
0.92 0.15 1.01325e+05
0.92 0.17 1.01325e+05
0.92 0.20 1.01325e+05
0.92 0.23 1.01325e+05
0.92 0.25 1.01325e+05
0.92 0.28 1.01325e+05
0.92 0.30 1.01325e+05
0.94 0.05 1.01325e+05
0.94 0.08 1.01325e+05
0.94 0.10 1.01325e+05
0.94 0.12 1.01325e+05
0.94 0.15 1.01325e+05
0.94 0.17 1.01325e+05
0.94 0.20 1.01325e+05
0.94 0.23 1.01325e+05
0.94 0.25 1.01325e+05
0.94 0.28 1.01325e+05
0.94 0.30 1.01325e+05
0.96 0.05 1.01325e+05
0.96 0.08 1.01325e+05
0.96 0.10 1.01325e+05
0.96 0.12 1.01325e+05
0.96 0.15 1.01325e+05
0.96 0.17 1.01325e+05
0.96 0.20 1.01325e+05
0.96 0.23 1.01325e+05
0.96 0.25 1.01325e+05
0.96 0.28 1.01325e+05
0.96 0.30 1.01325e+05
0.98 0.05 1.01325e+05
0.98 0.08 1.01325e+05
0.98 0.10 1.01325e+05
0.98 0.12 1.01325e+05
0.98 0.15 1.01325e+05
0.98 0.17 1.01325e+05
0.98 0.20 1.01325e+05
0.98 0.23 1.01325e+05
0.98 0.25 1.01325e+05
0.98 0.28 1.01325e+05
0.98 0.30 1.01325e+05
1.00 0.05 1.01325e+05
1.00 0.08 1.01325e+05
1.00 0.10 1.01325e+05
1.00 0.12 1.01325e+05
1.00 0.15 1.01325e+05
1.00 0.17 1.01325e+05
1.00 0.20 1.01325e+05
1.00 0.23 1.01325e+05
1.00 0.25 1.01325e+05
1.00 0.28 1.01325e+05
1.00 0.30 1.01325e+05
